time,conc,concm,conc_ave
0.0,0.0,0.0,0.0
0.0,3.538746275669314e-66,1.5610453669825633e-69,2.3541562306048349e-66
0.18346218751606877,2.793427068689506e-64,1.2478335687589653e-67,1.858336732558853e-64
0.36692437503213754,1.1096384405794216e-62,5.019407298881777e-66,7.381927936046044e-63
0.5503865625482063,2.9574662631773094e-61,1.3546919208788536e-64,1.9674756035388892e-61
0.7338487500642751,5.949820195796828e-60,2.759766583713409e-63,3.9581720000814443e-60
0.9173109375803439,9.637431492658238e-59,4.52663363895596e-62,6.411407844450208e-59
1.1007731250964126,1.3092416393885908e-57,6.226972396792861e-61,8.709900719070902e-58
1.2842353126124815,1.5343080583015338e-56,7.389416326680332e-60,1.0207215224703324e-56
1.4676975001285502,1.5834088402281889e-55,7.721971910408604e-59,1.0533897741540525e-55
1.6511596876446188,1.4618381006523322e-54,7.218865502317292e-58,9.725157696983179e-55
1.8346218751606878,1.2224319020232864e-53,6.112594756847711e-57,8.132487589927856e-54
2.0180840626767567,9.352600971123997e-53,4.73544854844832e-56,6.2220359258498515e-53
2.201546250192825,6.601229474411997e-52,3.3843686506902076e-55,4.391635935400694e-52
2.385008437708894,4.3283915445126584e-51,2.2469821288966318e-54,2.879581983111315e-51
2.568470625224963,2.6522410551556924e-50,1.3941267006806446e-53,1.7644823775675353e-50
2.7519328127410314,1.5265238194614698e-49,8.124651470585511e-53,1.0155688187225862e-49
2.9353950002571003,8.289544179006496e-49,4.4672395344429134e-52,5.514903037509642e-49
3.1188571877731692,4.263749774554823e-48,2.3265000724516913e-51,2.836615129325508e-48
3.3023193752892377,2.0844417074136863e-47,1.1515930314211762e-50,1.3867556746504153e-47
3.4857815628053066,9.715492303762279e-47,5.434592026412317e-50,6.463630455028746e-47
3.6692437503213755,4.329313399739054e-46,2.4519340172779127e-49,2.8802637501030852e-46
3.852705937837444,1.8489996792717135e-45,1.0602512034804547e-48,1.2301317071851422e-45
4.036168125353513,7.585800295309987e-45,4.404026330722643e-48,5.046819166760436e-45
4.219630312869582,2.995767598419426e-44,1.760870330624496e-47,1.99308599312308e-44
4.40309250038565,1.1409741042394197e-43,6.789844158434559e-47,7.590935524925831e-44
4.586554687901719,4.198131291161925e-43,2.52928996435116e-46,2.7930399430770943e-43
4.770016875417788,1.4946555111911694e-42,9.116663820662847e-46,9.944063092894747e-43
4.953479062933857,5.1566869596479975e-42,3.184280313758424e-45,3.4307982731144204e-42
5.136941250449926,1.7263857345830802e-41,1.0792382762320291e-44,1.1485870706337e-41
5.320403437965994,5.615561958664787e-41,3.553896794182833e-44,3.7361215420413967e-41
5.503865625482063,1.7768474608014818e-40,1.1383786936347615e-43,1.1821691602207261e-40
5.687327812998132,5.475046991294011e-40,3.5509311673993915e-43,3.6426635161765614e-40
5.870790000514201,1.644579350785441e-39,1.0797410741272217e-42,1.0941775058232606e-39
6.0542521880302695,4.820273375013383e-39,3.203607304439987e-42,3.207054806665649e-39
6.2377143755463385,1.3798551993534337e-38,9.283167813195204e-42,9.180577667583907e-39
6.421176563062407,3.8611111547825856e-38,2.6294333969979835e-41,2.568920121907004e-38
6.604638750578475,1.0569603955156038e-37,7.285975559475606e-41,7.03232334450331e-38
6.788100938094544,2.8327216435835854e-37,1.976531797979284e-40,1.8847157402428797e-37
6.971563125610613,7.438083628306699e-37,5.253194720312086e-40,4.948856639895307e-37
7.155025313126682,1.914814947407407e-36,1.3688102968547823e-39,1.2740090245593955e-36
7.338487500642751,4.835957432228182e-36,3.4990025598119076e-39,3.21758525880265e-36
7.52194968815882,1.198933697375084e-35,8.779978839443522e-39,7.977093444936088e-36
7.705411875674888,2.919569828974261e-35,2.1639374869552742e-38,1.9425415560802977e-35
7.888874063190957,6.987073292190455e-35,5.241306644040638e-38,4.6488839897082267e-35
8.072336250707027,1.6442005682855644e-34,1.2482691430639102e-37,1.093982015576733e-34
8.255798438223096,3.8064230219463554e-34,2.9246255447334195e-37,2.5326456980455183e-34
8.439260625739164,8.673449128782959e-34,6.744275444737729e-37,5.771002232639225e-34
8.622722813255233,1.9461648041167982e-33,1.5314529517060877e-36,1.2949144004466316e-33
8.8061850007713,4.3020171942722196e-33,3.4258391873349975e-36,2.8624350984828643e-33
8.98964718828737,9.372447072991255e-33,7.552812254630919e-36,6.236179167280848e-33
9.173109375803438,2.013251691484445e-32,1.6417407443904198e-35,1.339571076235568e-32
9.356571563319507,4.2655597939802624e-32,3.5198420498656165e-35,2.838218625790349e-32
9.540033750835576,8.917615322614476e-32,7.446054617750891e-35,5.933633108653285e-32
9.723495938351645,1.8402278620830675e-31,1.5547802437097129e-34,1.2244631545365634e-31
9.906958125867714,3.74967821434582e-31,3.205537117830303e-34,2.494998589560941e-31
10.090420313383783,7.5467429174178705e-31,6.527774183232988e-34,5.021553193170169e-31
10.273882500899852,1.500743507686565e-30,1.3134091635024657e-33,9.985900007782896e-31
10.45734468841592,2.949631852380123e-30,2.6117916157827434e-33,1.9626859054503467e-30
10.640806875931988,5.731545825036926e-30,5.134624047122937e-33,3.8137922269143734e-30
10.824269063448057,1.101391959629321e-29,9.98237509189599e-33,7.328742360710493e-30
11.007731250964126,2.0936177143244358e-29,1.9196997006226457e-32,1.3931159073572278e-29
11.191193438480195,3.9377959859046344e-29,3.652765440261008e-32,2.620266201234106e-29
11.374655625996263,7.330277334451577e-29,6.87876185872913e-32,4.877698665171255e-29
11.558117813512332,1.3508471281233711e-28,1.2823480306745628e-31,8.988829533405885e-29
11.741580001028401,2.4649847437015823e-28,2.367076147693414e-31,1.6402633384459962e-28
11.92504218854447,4.4549690641342455e-28,4.327422884669406e-31,2.9644658987337e-28
12.108504376060539,7.976171482866831e-28,7.837075961738912e-31,5.307606225582368e-28
12.291966563576608,1.4150030555462287e-27,1.406306793959406e-30,9.415948150158549e-28
12.475428751092677,2.4878497807566264e-27,2.500910143979901e-30,1.6555157809936716e-27
12.658890938608746,4.3359345643690035e-27,4.408551584819354e-30,2.8853227754456928e-27
12.842353126124815,7.492353179808128e-27,7.704752306093436e-30,4.985772539905196e-27
13.025815313640882,1.2838469639414066e-26,1.3352691582746905e-29,8.543386155225093e-27
13.20927750115695,2.18196506663849e-26,2.295124702976162e-29,1.4520017917091786e-26
13.39273968867302,3.6787430529636264e-26,3.9133494486477524e-29,2.448056390925569e-26
13.576201876189089,6.153802274379971e-26,6.620199476839564e-29,4.09513409134375e-26
13.759664063705157,1.0215346791644417e-25,1.1113391933140228e-28,6.797987361536407e-26
13.943126251221226,1.6830581602628602e-25,1.8515957410371929e-28,1.1200283977928347e-25
14.126588438737295,2.752646575580521e-25,3.062235112437078e-28,1.8318211096477461e-25
14.310050626253364,4.469655209712848e-25,5.027945570057742e-28,2.974468311746816e-25
14.493512813769433,7.206673597882399e-25,8.197232389760024e-28,4.795930906449847e-25
14.676975001285502,1.153974312430714e-24,1.3271857710575406e-27,7.67957119998725e-25
14.860437188801571,1.835351841621662e-24,2.1342503823272992e-27,1.2214141573818162e-24
15.04389937631764,2.8997741576288824e-24,3.409321075898776e-27,1.9297924549849937e-24
15.227361563833709,4.551858919631018e-24,5.410749132489417e-27,3.0292705075127634e-24
15.410823751349776,7.099859210567866e-24,8.532383371341157e-27,4.725000496969289e-24
15.594285938865845,1.100530398140611e-23,1.3370935200963327e-26,7.3241468989321e-24
15.777748126381914,1.6955058265082357e-23,2.0825009302947692e-26,1.1283847166566733e-23
15.961210313897983,2.5965317228240157e-23,3.223983033203157e-26,1.7280427033551968e-23
16.144672501414053,3.953082567219964e-23,4.9617534696457665e-26,2.6308717390692567e-23
16.32813468893012,5.983778826903863e-23,7.592100736221002e-26,3.9823763437606275e-23
16.51159687644619,9.006598285492086e-23,1.1551044926438134e-25,5.994190757388722e-23
16.69505906396226,1.348151363674238e-22,1.7476725904454867e-25,8.972458257248987e-23
16.87852125147833,2.0070348957604929e-22,2.6298086072007107e-25,1.335767162259456e-22
17.061983438994396,2.972037272725733e-22,3.9360273106894393e-25,1.978031316254626e-22
17.245445626510467,4.378044619074796e-22,5.860106057837306e-25,2.913816451170144e-22
17.428907814026534,6.41616002482513e-22,8.679779781092668e-25,4.270318962501765e-22
17.6123700015426,9.355794854793728e-22,1.2791138495340392e-24,6.226858010176879e-22
17.795832189058668,1.3574914817445392e-21,1.8756308194757947e-24,9.03500826072773e-22
17.97929437657474,1.9601255893576853e-21,2.736923188902897e-24,1.3046034786121891e-21
18.162756564090806,2.8168229068282044e-21,3.9746000114917084e-24,1.874810576236529e-21
18.346218751606877,4.029040471277484e-21,5.744832717418707e-24,2.681653876716184e-21
18.529680939122947,5.7364980214915874e-21,8.265158014293716e-24,3.81813435544563e-21
18.713143126639014,8.13075787305364e-21,1.183724316913724e-23,5.411761855418518e-21
18.896605314155085,1.1473321518471002e-20,1.687759635919665e-23,7.636601488739017e-21
19.080067501671152,1.6119643679557685e-20,2.395881950385653e-23,1.0729259288496227e-20
19.263529689187223,2.2550867027086325e-20,3.386479230294942e-23,1.501000757095341e-20
19.44699187670329,3.141558957235116e-20,4.7664190733205345e-23,2.0910589205657317e-20
19.63045406421936,4.358461736122751e-20,6.680803881473166e-23,2.90106665076732e-20
19.813916251735428,6.022245859534253e-20,9.32586404784221e-23,4.008541542496395e-20
19.9973784392515,8.288031923418832e-20,1.2965932673688452e-22,5.5167434110413e-20
20.180840626767566,1.1361660980271199e-19,1.7955708983954722e-22,7.562696701161682e-20
20.364302814283636,1.5515252297731426e-19,2.476934922907876e-22,1.0327547753214674e-19
20.547765001799704,2.1107215671554004e-19,3.4038339470286236e-22,1.404988775114675e-19
20.731227189315774,2.860790159613862e-19,4.660062366824737e-22,1.904282920008912e-19
20.91468937683184,3.8632361968745407e-19,6.356410640356089e-22,2.571581646062984e-19
21.098151564347912,5.198204786551918e-19,8.638845061927851e-22,3.4602386490055195e-19
21.281613751863976,6.969770219516885e-19,1.169900809171507e-21,4.63953831102294e-19
21.465075939380043,9.3126228904739e-19,1.5787652274401498e-21,6.199147695725766e-19
21.648538126896113,1.240049546976961e-18,2.123177056610204e-21,8.254726563556249e-19
21.83200031441218,1.6456746474904825e-18,2.8456369230486192e-21,1.095497383662268e-18
22.01546250192825,2.176761149209397e-18,3.80120531759288e-21,1.449045027416678e-18
22.19892468944432,2.8698742766170963e-18,5.060986573249545e-21,1.9104590683656766e-18
22.38238687696039,3.771578997184161e-18,6.716515488533937e-21,2.510740695970233e-18
22.565849064476456,4.940993246383256e-18,8.885263701215194e-21,3.2892488120187547e-18
22.749311251992527,6.452946050775699e-18,1.171753102349862e-20,4.29580281803872e-18
22.932773439508594,8.401872488472684e-18,1.5405044778405534e-20,5.593276048017553e-18
23.116235627024665,1.0906603652260817e-17,2.0191659496326228e-20,7.260785174160611e-18
23.299697814540735,1.4116240691562512e-17,2.6386632192112672e-20,9.397601500107188e-18
23.483160002056803,1.821733834218797e-17,3.4381047220915165e-20,1.2127934254178278e-17
23.666622189572873,2.3442665943396118e-17,4.466808214534271e-20,1.5606764361700156e-17
23.85008437708894,3.008186373549276e-17,5.786794529124026e-20,2.0026940340064404e-17
24.03354656460501,3.8494370294376876e-17,7.475848034482134e-20,2.562778663337531e-17
24.217008752121078,4.912506449162583e-17,9.631262759529754e-20,3.270551968449597e-17
24.40047093963715,6.252314371568389e-17,1.2374415998851155e-19,4.162581922771533e-17
24.583933127153216,7.936485075746637e-17,1.5856338042120418e-19,5.283896267855895e-17
24.767395314669287,1.0048076643310836e-16,2.026447808004721e-19,6.689800021847743e-17
24.950857502185354,1.2688850555903723e-16,2.5830903026521894e-19,8.448052846824727e-17
25.134319689701424,1.5983179238824888e-16,3.284220874713536e-19,1.0641471289976965e-16
25.31778187721749,2.0082705036383405e-16,4.1651472884225713e-19,1.3371031488573194e-16
25.501244064733562,2.517188225905851e-16,5.269263611551434e-19,1.6759560022577296e-16
25.68470625224963,3.1474554657265017e-16,6.649776539731402e-19,2.0956114398555346e-16
25.868168439765693,3.9261744259934152e-16,8.371772977914423e-19,2.614117035972964e-16
26.051630627281764,4.886085430668734e-16,1.0514690813723828e-18,3.253275106526831e-16
26.23509281479783,6.06665193705932e-16,1.3175265022467058e-18,4.0393653414088013e-16
26.4185550023139,7.5153370118991565e-16,1.6471032951729634e-18,5.003994967429928e-16
26.60201718982997,9.289101893355834e-16,2.05444960381687e-18,6.185096841284301e-16
26.78547937734604,1.1456161628705029e-15,2.5568050524750833e-18,7.628098782040655e-16
26.968941564862106,1.4098037687303403e-15,3.1749817210328143e-18,9.387290724103153e-16
27.152403752378177,1.7311952956925598e-15,3.934052013680108e-18,1.1527419941919178e-15
27.335865939894244,2.121362069931006e-15,4.864158669041517e-18,1.4125548707483976e-15
27.519328127410315,2.5940485933400705e-15,6.00146671798337e-18,1.7273213334582873e-15
27.702790314926386,3.165548540273909e-15,7.389280090214249e-18,2.1078928686702928e-15
27.886252502442453,3.855140084236892e-15,9.079348839951505e-18,2.5671087929055158e-15
28.069714689958523,4.685588977143516e-15,1.1133396645988754e-17,3.1201313643172344e-15
28.25317687747459,5.683728858692685e-15,1.362490238784263e-17,3.784832345279013e-15
28.43663906499066,6.881129441400564e-15,1.66411742566864e-17,4.582238109372265e-15
28.62010125250673,8.314864507728912e-15,2.028576008118317e-17,5.537041246370595e-15
28.8035634400228,1.0028393079962084e-14,2.4681243392354818e-17,6.6781875680270125e-15
28.987025627538866,1.2072568692080847e-14,2.997248128132888e-17,8.039548462935251e-15
29.170487815054937,1.4506793417547917e-14,3.6330347387361906e-17,9.660689698258033e-15
29.353950002571004,1.740033520000273e-14,4.395605146449412e-17,1.1587749027927775e-14
29.537412190087075,2.083382910836532e-14,5.3086115992769746e-17,1.3874436349704527e-14
29.720874377603142,2.4900985407444202e-14,6.3998100309344e-17,1.658317166634418e-14
29.904336565119213,2.971052981417692e-14,7.701717382743233e-17,1.9786377758659598e-14
30.08779875263528,3.5388404013129206e-14,9.252365218492821e-17,2.3567946280473867e-14
30.27126094015135,4.2080257448539766e-14,1.1096162372445778e-16,2.802489794784632e-14
30.454723127667418,4.9954264610402097e-14,1.328488086646215e-16,3.326925962842892e-14
30.63818531518348,5.920430550586968e-14,1.5878780979759763e-16,3.9430183452762735e-14
30.821647502699552,7.0053550772368e-14,1.8947893166826295e-16,4.665633557957224e-14
31.00510969021562,8.275849696356054e-14,2.257347650896387e-16,5.51185849639206e-14
31.18857187773169,9.761350194274618e-14,2.6849675567218524e-16,6.501302541313516e-14
31.372034065247757,1.1495587506998344e-13,3.1885399894217915e-16,7.656436738380116e-14
31.555496252763827,1.3517158198946375e-13,3.780645307578487e-16,9.002973938735601e-14
31.738958440279895,1.5870162933318367e-13,4.475794102709082e-16,1.0570294254578114e-13
31.922420627795965,1.8604920057713767e-13,5.290699238046836e-16,1.2391920578684054e-13
32.105882815312036,2.1778762063892318e-13,6.244582719167565e-16,1.4506049340485146e-13
32.28934500282811,2.54569233613154e-13,7.359521387822617e-16,1.6956142125301642e-13
32.47280719034417,2.9713528532619085e-13,8.66083583081857e-16,1.979158426921138e-13
32.65626937786024,3.463269101775994e-13,1.0177527330242284e-15,2.3068417061332613e-13
32.83973156537631,4.030973300459574e-13,1.1942768152053014e-15,2.685015073959019e-13
33.02319375289238,4.685253818949925e-13,1.3994450979439595e-15,3.120866605691358e-13
33.206655940408446,5.438305001466182e-13,1.6375803847863556e-15,3.6225212823890416e-13
33.39011812792452,6.303892899145318e-13,1.913607753297696e-15,4.1991514502795695e-13
33.57358031544059,7.297538378400522e-13,2.2331312983321625e-15,4.861098863826567e-13
33.75704250295666,8.436719185653079e-13,2.6025197079694992e-15,5.620009366332674e-13
33.94050469047272,9.741092668422274e-13,3.0290015745224652e-15,6.48898134176615e-13
34.12396687798879,1.1232740979334729e-12,3.52077142275514e-15,7.482729155953185e-13
34.30742906550486,1.293644072337824e-12,4.087107523020876e-15,8.617762894531224e-13
34.49089125302093,1.4879959149916572e-12,4.738502648753757e-15,9.912585799272667e-13
34.674353440537,1.7094379139839138e-12,5.4868090359625025e-15,1.1387910903722939e-12
34.85781562805307,1.9614455394978182e-12,6.345398907424473e-15,1.3066898473709487e-12
35.04127781556914,2.247900440181617e-12,7.329342036513764e-15,1.4975415968323193e-12
35.2247400030852,2.573133091475341e-12,8.45560194538467e-15,1.714232235260222e-12
35.40820219060127,2.9419693886029636e-12,9.7432524599432e-15,1.9599778714507743e-12
35.591664378117336,3.359781496000699e-12,1.1213716480056886e-14,2.2383587266014336e-12
35.77512656563341,3.832543284912967e-12,1.2891028968168114e-14,2.5533560941382425e-12
35.95858875314948,4.366890711767604e-12,1.4802126313287828e-14,2.909392594506924e-12
36.14205094066555,4.970187511759846e-12,1.6977164390662847e-14,3.3113759747393796e-12
36.32551312818161,5.650596604848332e-12,1.9449867810645675e-14,3.76474671781202e-12
36.50897531569768,6.4171576351125685e-12,2.2257913033874134e-14,4.275529742667552e-12
36.69243750321375,7.279871089155421e-12,2.544334822421705e-14,4.850390492287671e-12
36.875899690729824,8.249789464970666e-12,2.9053052916498347e-14,5.4966957243903616e-12
37.059361878245895,9.339115989447354e-12,3.3139240793214454e-14,6.222579337190956e-12
37.242824065761965,1.0561311410461232e-11,3.776000909375607e-14,7.037013581218414e-12
37.42628625327803,1.1931209418319128e-11,4.297993842148307e-14,7.949886027424741e-12
37.60974844079409,1.3465141281183179e-11,4.887074696883682e-14,8.972082681771406e-12
37.79321062831017,1.518107031001549e-11,5.551200344896082e-14,1.0115577657127307e-11
37.976672815826234,1.709873680055508e-11,6.299190330449913e-14,1.1393529834671596e-11
38.160135003342305,1.9239814132872124e-11,7.140811306081219e-14,1.2820386969064332e-11
38.34359719085837,2.1628076743139917e-11,8.086868800225048e-14,1.44119977144294e-11
38.527059378374446,2.4289580717424677e-11,9.149306867682027e-14,1.618573207168825e-11
38.71052156589051,2.725285779351273e-11,1.034131620770205e-13,1.8160610781987375e-11
38.89398375340658,3.054912359407233e-11,1.1677451370328442e-13,2.0357444215876167e-11
39.077445940922644,3.421250095277539e-11,1.3173757709177608e-13,2.279898133350959e-11
39.26090812843872,3.828025923437646e-11,1.4847908778072472e-13,2.5510069317467918e-11
39.444370315954785,4.2793070590150396e-11,1.6719354909947372e-13,2.8517824506796258e-11
39.627832503470856,4.7795284131516894e-11,1.880948375924158e-13,3.185181528856264e-11
39.81129469098692,5.333521904711189e-11,2.114179363364185e-13,3.554425763160492e-11
39.994756878503,5.94654777319894e-11,2.3742080487564226e-13,3.9630223976173395e-11
40.17821906601906,6.624328004203197e-11,2.663863949822299e-13,4.414786622286569e-11
40.36168125353513,7.373081983199416e-11,2.9862482195562355e-13,4.913865359457882e-11
40.545143441051195,8.19956449818775e-11,3.3447570169762634e-13,5.46476261761566e-11
40.72860562856727,9.111106216351274e-11,3.743106643451767e-13,6.072366496797026e-11
40.912067816083336,1.0115656764727935e-10,4.185360558085033e-13,6.741977932182102e-11
41.09553000359941,1.1221830549779101e-10,4.675958391492596e-13,7.479341266027253e-11
41.27899219111547,1.2438955455709207e-10,5.219747083417285e-13,8.290676741379124e-11
41.46245437863155,1.3777124566440653e-10,5.82201427590594e-13,9.182715014386964e-11
41.64591656614761,1.5247251061272228e-10,6.488524100313992e-13,1.0162733785460591e-10
41.82937875366368,1.686112643944464e-10,7.225555503149688e-13,1.1238596652999498e-10
42.012840941179746,1.86314822340983e-10,8.039943262750348e-13,1.2418794296941308e-10
42.196303128695824,2.057205538143338e-10,8.93912185599354e-13,1.3712488102943704e-10
42.37976531621189,2.2697657416264793e-10,9.931172341689664e-13,1.5129556341618697e-10
42.56322750372795,2.5024247670601423e-10,1.102487243498181e-12,1.6680643020879973e-10
42.74668969124402,2.756901065736452e-10,1.2229749954995404e-12,1.8377209533138856e-10
42.930151878760086,3.035043782689004e-10,1.3556139836136577e-12,2.0231589222789884e-10
43.11361406627616,3.3388413889428015e-10,1.5015244901835403e-12,2.2257045003158395e-10
43.29707625379223,3.670430790245522e-10,1.6619200608170088e-12,2.446783015583837e-10
43.4805384413083,4.0321069327247867e-10,1.8381143973691467e-12,2.6879252449123185e-10
43.66400062882436,4.426332926481492e-10,2.0315286920895304e-12,2.9507741716023e-10
43.84746281634044,4.85575070869639e-10,2.243699426416293e-12,3.2370921036165924e-10
44.0309250038565,5.32319226839529e-10,2.4762866588609714e-12,3.5487681669691196e-10
44.21438719137257,5.831691455587075e-10,2.731082827414523e-12,3.887826189505909e-10
44.39784937888864,6.384496398057473e-10,3.0100220929159563e-12,4.2564329906518624e-10
44.581311566404715,6.985082549669436e-10,3.3151902508605335e-12,4.656907093078631e-10
44.76477375392078,7.637166394587931e-10,3.6488352401845655e-12,5.091727872629543e-10
44.94823594143685,8.344719832411578e-10,4.013378278648159e-12,5.563545163216661e-10
45.13169812895291,9.111985269755901e-10,4.411425655545958e-12,6.075189333782857e-10
45.31516031646899,9.94349144439201e-10,4.8457812136086145e-12,6.629681854797317e-10
45.498622503985054,1.0844070008599594e-09,5.319459553114421e-12,7.230246372125978e-10
45.682084691501124,1.1818872898943852e-09,5.835699992410889e-12,7.880320306488702e-10
45.86554687901719,1.2873390520231336e-09,6.3979813202498876e-12,8.583566997081615e-10
46.049009066533266,1.4013470771939322e-09,7.010037376567097e-12,9.343888408306224e-10
46.23247125404933,1.5245338945946405e-09,7.67587349958642e-12,1.0165438418905515e-09
46.4159334415654,1.657561852491791e-09,8.399783878402692e-12,1.1052636713161374e-09
46.59939562908147,1.8011352911217764e-09,9.186369851490744e-12,1.2010183294156524e-09
46.78285781659754,1.9560028116728162e-09,1.004055919290575e-11,1.304307363944758e-09
46.966320004113605,2.12295964444584e-09,1.0967626429277746e-11,1.4156614519832924e-09
47.14978219162967,2.3028501193315453e-09,1.197321423206257e-11,1.5356440502230244e-09
47.33324437914575,2.49657024178883e-09,1.3063355930891126e-11,1.6648531158002243e-09
47.51670656666181,2.7050703775567513e-09,1.4244499195258706e-11,1.8039228998385823e-09
47.70016875417788,2.9293580493778693e-09,1.5523530933215413e-11,1.9535258158988885e-09
47.883630941693944,3.170500849055319e-09,1.6907803457157125e-11,2.114374385561957e-09
48.06709312921002,3.429629468209145e-09,1.8405161968273126e-11,2.287223263400489e-09
48.250555316726086,3.7079408511392616e-09,2.00239734126811e-11,2.47287134362388e-09
48.434017504242156,4.006701473242803e-09,2.177315676377197e-11,2.672163950707366e-09
48.61747969175822,4.32725074847255e-09,2.366221478679525e-11,2.885995116343258e-09
48.8009418792743,4.671004569360504e-09,2.5701267343239762e-11,3.1153099450774354e-09
48.98440406679036,5.039458983166458e-09,2.790108629410381e-11,3.361107071018547e-09
49.16786625430643,5.434194007745605e-09,3.027313206270244e-11,3.624441208030634e-09
49.351328441822496,5.85687759076155e-09,3.282959191922702e-11,3.9064257958419405e-09
49.53479062933857,6.309269715901894e-09,3.558342005085228e-11,4.208235744523646e-09
49.71825281685464,6.793226659782348e-09,3.854837948277851e-11,4.53111027981199e-09
49.90171500437071,7.310705403252351e-09,4.173908591719989e-11,4.876355891765716e-09
50.08517719188677,7.863768200840357e-09,4.517105355880432e-11,5.245349389268075e-09
50.26863937940285,8.454587312099961e-09,4.886074299703328e-11,5.6395410628985165e-09
50.45210156691891,9.085449898639418e-09,5.282561121696297e-11,6.060457958713861e-09
50.63556375443498,9.758763090635978e-09,5.708416381230744e-11,6.509707265491966e-09
50.81902594195105,1.0477059226653812e-08,6.165600947569222e-11,6.988979818002885e-09
51.002488129467125,1.124300127059898e-08,6.656191684299904e-11,7.500053718882948e-09
51.18595031698319,1.20593884096579e-08,7.182387377024083e-11,8.044798081696257e-09
51.36941250449926,1.2929161837076215e-08,7.746514912308766e-11,8.625176897775713e-09
51.55287469201532,1.3855410723643533e-08,8.351035716082996e-11,9.243253029441904e-09
51.736336879531386,1.4841378381755564e-08,8.998552459823193e-11,9.90119233220275e-09
51.919799067047464,1.5890468625929057e-08,9.69181604303967e-11,1.060126790853997e-08
52.10326125456353,1.700625233364652e-08,1.0433732860743334e-10,1.1345864495890018e-08
52.2867234420796,1.819247421040726e-08,1.1227372364738274e-10,1.213748299142745e-08
52.47018562959566,1.9453059762857623e-08,1.2075974927752523e-10,1.2978745116256693e-08
52.65364781711174,2.079212248386854e-08,1.2982960019585577e-10,1.3872398221615746e-08
52.8371100046278,2.2213971253420214e-08,1.3951934704617032e-10,1.4821320239690219e-08
53.020572192143874,2.3723117959143863e-08,1.4986702470186025e-10,1.5828524781630188e-08
53.20403437965994,2.5324285340357714e-08,1.609127239551605e-10,1.689716638535439e-08
53.387496567176015,2.7022415059419426e-08,1.7269868671023567e-10,1.8030545915716842e-08
53.57095875469208,2.882267600419981e-08,1.8526940478012075e-10,1.923211611960003e-08
53.75442094220815,3.073047282546288e-08,1.9867172238915609e-10,2.0505487338486142e-08
53.93788312972421,3.2751454712914696e-08,2.1295494248416812e-10,2.185443338104333e-08
54.12134531724029,3.4891524413659286e-08,2.2817093695924793e-10,2.3282897558248497e-08
54.304807504756354,3.715684749677238e-08,2.4437426090056943e-10,2.4794998883550222e-08
54.488269692272425,3.9553861867674244e-08,2.6162227095926187e-10,2.6395038440556584e-08
54.67173187978849,4.208928753595113e-08,2.799752479619125e-10,2.808750592071159e-08
54.855194067304566,4.477013664024038e-08,2.994965238698204e-10,2.98770863334022e-08
55.03865625482063,4.760372373375719e-08,3.202526131996495e-10,3.1768666890913023e-08
55.2221184423367,5.0597676334002445e-08,3.4231334901963915e-10,3.376734407062132e-08
55.40558062985277,5.375994574014909e-08,3.65752023637022e-10,3.587843085679693e-08
55.58904281736884,5.7098818121560625e-08,3.9064553409377117e-10,3.810746416434365e-08
55.772505004884906,6.062292588084954e-08,4.17074532589248e-10,4.046021244678797e-08
55.955967192400976,6.434125929483424e-08,4.451235819497516e-10,4.29426834907895e-08
56.13942937991705,6.826317843670303e-08,4.748813162663787e-10,4.5561132399413995e-08
56.32289156743312,7.239842538263977e-08,5.064406068239815e-10,4.832206976637496e-08
56.50635375494918,7.675713670611161e-08,5.398987334453712e-10,5.123227004341386e-08
56.689815942465245,8.13498562629599e-08,5.753575613762456e-10,5.429878010295025e-08
56.87327812998132,8.618754827037777e-08,6.129237238376257e-10,5.7528927998094926e-08
57.056740317497386,9.128161068279418e-08,6.527088103738608e-10,6.093033192207786e-08
57.24020250501346,9.664388886762116e-08,6.948295611255112e-10,6.451090936910017e-08
57.42366469252952,1.0228668958375465e-07,7.394080671576414e-10,6.827888649857685e-08
57.6071268800456,1.0822279526565081e-07,7.865719769752357e-10,7.224280770469072e-08
57.79058906756166,1.1446547861573035e-07,8.364547093586182e-10,7.641154539313326e-08
57.97405125507773,1.210285175077898e-07,8.891956726528732e-10,8.079430996685853e-08
58.157513442593796,1.2792621020402644e-07,9.44940490646362e-10,8.540066002262959e-08
58.340975630109874,1.3517339088820587e-07,1.0038412351744887e-09,9.024051276008459e-08
58.52443781762594,1.4278544551742396e-07,1.0660566655858907e-09,9.532415460499973e-08
58.70790000514201,1.5077832799483598e-07,1.1317524752092185e-09,1.0066225204837277e-07
58.89136219265807,1.5916857666564234e-07,1.2011015449596264e-09,1.0626586270289707e-07
59.07482438017415,1.679733311385404e-07,1.2742842042250022e-09,1.1214644657834218e-07
59.25828656769021,1.7721034943476227e-07,1.3514884991728523e-09,1.1831587757729833e-07
59.441748755206284,1.8689802546673754e-07,1.4329104686195935e-09,1.2478645521268812e-07
59.62521094272235,1.9705540684832722e-07,1.5187544276048024e-09,1.3157091654838813e-07
59.808673130238425,2.0770221303848737e-07,1.6092332588137362e-09,1.3868244836424397e-07
59.99213531775449,2.1885885382013138e-07,1.704568711992161e-09,1.4613469954670405e-07
60.17559750527056,2.3054644811586417e-07,1.804991711498204e-09,1.539417937062328e-07
60.35905969278662,2.4278684314217e-07,1.910742672136575e-09,1.621183420226049e-07
60.5425218803027,2.5560263390354043e-07,2.022071823421118e-09,1.7067945631911707e-07
60.725984067818764,2.690171830279301e-07,2.139239542412188e-09,1.7964076236669046e-07
60.909446255334835,2.8305464094483453e-07,2.262516695275865e-09,1.8901841341877271e-07
61.0929084428509,2.977399664071801e-07,2.3921849877125015e-09,1.988291039778815e-07
61.27637063036696,3.130989473581215e-07,2.528537324402484e-09,2.0909008379456655e-07
61.45983281788304,3.291582221437368e-07,2.6718781776175145e-09,2.1981917209949993e-07
61.643295005399104,3.4594530107251126e-07,2.8225239651460066e-09,2.310347720693349e-07
61.826757192915174,3.634885883223964e-07,2.980803437681518e-09,2.4275588552690874e-07
62.01021938043124,3.81817404196127e-07,3.1470580758233548e-09,2.5500212787629114e-07
62.193681567947316,4.009620077253752e-07,3.3216424968386887e-09,2.677937432731155e-07
62.37714375546338,4.209536196242157e-07,3.5049248713356877e-09,2.8115162003055703e-07
62.56060594297945,4.418244455922641e-07,3.6972873499972427e-09,2.9509730626124895e-07
62.74406813049551,4.6360769996775703e-07,3.8991265005249574e-09,3.0965302575536623e-07
62.92753031801159,4.863376297307184e-07,4.110853754943043e-09,3.2484169409502174e-07
63.110992505527655,5.1004953885626e-07,4.332895867411747e-09,3.4068693500505786e-07
63.294454693043726,5.347798130179536e-07,4.565695382699855e-09,3.572130969402422e-07
63.47791688055979,5.60565944641101e-07,4.809711115465653e-09,3.744452699088006e-07
63.66137906807587,5.87446558305617e-07,5.0654186404955836e-09,3.9240930253214905e-07
63.84484125559193,6.154614364981396e-07,5.3333107940495575e-09,4.111318193406184e-07
64.028303443108,6.446515457128593e-07,5.613898186461667e-09,4.306402383048807e-07
64.21176563062407,6.750590629004625e-07,5.907709726144634e-09,4.509627886027292e-07
64.39522781814014,7.067274022644612e-07,6.215293155146048e-09,4.72128528620773e-07
64.57869000565621,7.397012424040799e-07,6.537215596403934e-09,4.941673641905471e-07
64.76215219317228,7.740265538027566e-07,6.8740641128487815e-09,5.171100670584587e-07
64.94561438068834,8.097506266612038e-07,7.2264462784986126e-09,5.409882935889187e-07
65.12907656820441,8.469220990738665e-07,7.594990761693122e-09,5.658346036999319e-07
65.31253875572048,8.855909855475029e-07,7.980347920612278e-09,5.9168248003035e-07
65.49600094323655,9.258087058605042e-07,8.383190411224106e-09,6.185663473379125e-07
65.67946313075262,9.676281142614591e-07,8.804213807805717e-09,6.465215921271315e-07
65.86292531826868,1.0111035290053602e-06,9.244137236180798e-09,6.755845825060032e-07
66.04638750578476,1.0562907622257354e-06,9.70370401981603e-09,7.057926882704498e-07
66.22984969330082,1.1032471501408906e-06,1.018368233891804e-08,7.371843012153335e-07
66.41331188081689,1.1520315835923205e-06,1.0684865902671553e-08,7.697988556707986e-07
66.59677406833296,1.2027045389132613e-06,1.1208074634758487e-08,8.036768492626404e-07
66.78023625584903,1.2553281091252311e-06,1.1754155372296706e-08,8.388598638953116e-07
66.9636984433651,1.3099660354603038e-06,1.2323982578336179e-08,8.753905869561192e-07
67.14716063088117,1.3666837392067592e-06,1.2918459068049055e-08,9.133128327390836e-07
67.33062281839723,1.4255483538756454e-06,1.3538516748749187e-08,9.526715640868698e-07
67.51408500591332,1.4866287576856714e-06,1.4185117373875349e-08,9.935129142491172e-07
67.69754719342937,1.5499956063637671e-06,1.4859253311071131e-08,1.0358842089554438e-06
67.88100938094544,1.6157213662585215e-06,1.556194832449342e-08,1.0798339887013093e-06
68.06447156846151,1.6838803477636185e-06,1.629425837147972e-08,1.1254120312448679e-06
68.24793375597758,1.7545487390482857e-06,1.705727241370358e-08,1.1726693743128722e-06
68.43139594349365,1.8278046400916735e-06,1.7852113242945672e-08,1.221658338513612e-06
68.61485813100973,1.9037280970179703e-06,1.867993832160675e-08,1.2724325504548129e-06
68.79832031852578,1.98240113672897e-06,1.9541940638087295e-08,1.3250469660643518e-06
68.98178250604187,2.063907801830711e-06,2.043934957715692e-08,1.3795578941115788e-06
69.16524469355792,2.1483341858507112e-06,2.1373431805435213e-08,1.4360230199269753e-06
69.348706881074,2.23576846874219e-06,2.2345492172103953e-08,1.4945014293177935e-06
69.53216906859006,2.326300952671651e-06,2.3356874624969018e-08,1.5550536326772946e-06
69.71563125610614,2.420024098086015e-06,2.4408963141988618e-08,1.6177415892851015e-06
69.8990934436222,2.5170325600554715e-06,2.5503182678382674e-08,1.682628731796149e-06
70.08255563113828,2.617423224888081e-06,2.6641000129436415e-08,1.7497799909156327e-06
70.26601781865433,2.7212952470120883e-06,2.7823925309109534e-08,1.8192618202573067e-06
70.4494800061704,2.8287500861218223e-06,2.905351194456017e-08,1.8911422213824228e-06
70.63294219368647,2.9398915445829554e-06,3.033135868669124e-08,1.965490769016538e-06
70.81640438120255,3.054825805092812e-06,3.165911013682472e-08,2.042378636441356e-06
70.99986656871862,3.1736614685913444e-06,3.3038457889607375e-08,2.121878621058725e-06
71.18332875623467,3.2965095924183087e-06,3.447114159224955e-08,2.204065170123855e-06
71.36679094375076,3.423483728712033e-06,3.59589500201965e-08,2.289014406644719e-06
71.55025313126681,3.554699963045218e-06,3.750372216932963e-08,2.3768041554446446e-06
71.73371531878288,3.690276953292976e-06,3.910734836479315e-08,2.4675139693849344e-06
71.91717750629896,3.8303359687283564e-06,4.077177138653904e-08,2.561225155744388e-06
72.10063969381503,3.975000929340468e-06,4.249898761168155e-08,2.6580208027525003e-06
72.2841018813311,4.124398445370236e-06,4.429104817374976e-08,2.757985806273077e-06
72.46756406884717,4.278657857058806e-06,4.615006013892488e-08,2.8612068966349607e-06
72.65102625636322,4.437911274603461e-06,4.807818769934647e-08,2.9677726656064943e-06
72.83448844387931,4.602293618315897e-06,5.0077653383569505e-08,3.0777735935103215e-06
73.01795063139537,4.771942658977641e-06,5.215073928425181e-08,3.1913020764750734e-06
73.20141281891144,4.946999058387276e-06,5.429978830314917e-08,3.308452453820426e-06
73.3848750064275,5.127606410094132e-06,5.652720541349286e-08,3.429321035571991e-06
73.56833719394358,5.313911280312976e-06,5.8835458939821956e-08,3.55400613010245e-06
73.75179938145965,5.506063249014268e-06,6.122708185534059e-08,3.6826080718953103e-06
73.93526156897572,5.704214951184324e-06,6.370467309686728e-08,3.8152292494275696e-06
74.11872375649179,5.908522118249886e-06,6.627089889744156e-08,3.951974133167636e-06
74.30218594400785,6.119143619661318e-06,6.892849413665022e-08,4.092949303684691e-06
74.48564813152393,6.3362415046287816e-06,7.168026370873303e-08,4.238263479865746e-06
74.66911031903999,6.559981044005543e-06,7.452908390852538e-08,4.388027547236534e-06
74.85257250655606,6.790530772312613e-06,7.74779038352925e-08,4.542354586382399e-06
75.03603469407213,7.028062529898795e-06,8.052974681450715e-08,4.701359901465246e-06
75.21949688158819,7.272751505230271e-06,8.368771183762064e-08,4.865161048832679e-06
75.40295906910427,7.524776277303635e-06,8.695497501987359e-08,5.033877865715282e-06
75.58642125662034,7.784318858176416e-06,9.033479107619079e-08,5.207632499008105e-06
75.7698834441364,8.051564735609013e-06,9.383049481520159e-08,5.386549434132316e-06
75.95334563165247,8.326702915811872e-06,9.744550265142428e-08,5.570755523972933e-06
76.13680781916854,8.609925966291807e-06,1.0118331413565073e-07,5.760380017888588e-06
76.32027000668461,8.901430058791193e-06,1.0504751350356443e-07,5.955554590789185e-06
76.50373219420068,9.201415012313874e-06,1.090417712426224e-07,6.156413372277326e-06
76.68719438171674,9.510084336231428e-06,1.1316984567722831e-07,6.363092975849315e-06
76.87065656923282,9.827645273463571e-06,1.174355845722224e-07,6.57573252815162e-06
77.05411875674889,1.0154308843726285e-05,1.2184292675471005e-07,6.794473698288505e-06
77.23758094426495,1.0490289886841322e-05,1.2639590375424743e-07,7.019460727176631e-06
77.42104313178102,1.0835807106100702e-05,1.3109864146140232e-07,7.250840456942402e-06
77.60450531929709,1.1191083111679773e-05,1.3595536180470201e-07,7.488762360357753e-06
77.78796750681316,1.1556344464092345e-05,1.4097038444598012e-07,7.733378570310081e-06
77.97142969432923,1.1931821717681493e-05,1.4614812849413e-07,7.984843909302086e-06
78.15489188184529,1.2317749464139425e-05,1.5149311423726947e-07,8.243315918977085e-06
78.33835406936137,1.2714366376050031e-05,1.5700996489331917e-07,8.508954889665581e-06
78.52181625687744,1.3121915250447427e-05,1.6270340837899388e-07,8.781923889948655e-06
78.7052784443935,1.354064305238406e-05,1.685782790972034e-07,9.062388796233868e-06
78.88874063190957,1.3970800958501733e-05,1.7463951974285558e-07,9.350518322339263e-06
79.07220281942564,1.4412644400599003e-05,1.808921831270533e-07,9.646484049081129e-06
79.25566500694171,1.4866433109188331e-05,1.87341434019672e-07,9.950460453861088e-06
79.43912719445778,1.533243115703634e-05,1.9399255101030304e-07,1.0262624940248121e-05
79.62258938197384,1.581090700268074e-05,2.0085092838754498e-07,1.0583157867551195e-05
79.80605156948992,1.6302133533916954e-05,2.079220780366209e-07,1.0912242580377887e-05
79.989513757006,1.6806388111248236e-05,2.1521163135529837e-07,1.1250065438174867e-05
80.17297594452205,1.7323952611292305e-05,2.2272534118808528e-07,1.1596815844745545e-05
80.35643813203812,1.7855113470138034e-05,2.3046908377867104e-07,1.1952686277740662e-05
80.53990031955418,1.8400161726645473e-05,2.3844886074058136e-07,1.231787231811723e-05
80.72336250707026,1.8959393065682676e-05,2.466708010460097e-07,1.2692572679561599e-05
80.90682469458633,1.953310786129254e-05,2.5514116303278836e-07,1.3076989237871975e-05
81.09028688210239,2.012161121978323e-05,2.6386633642945644e-07,1.347132706029623e-05
81.27374906961846,2.072521302273529e-05,2.728528443983804e-07,1.3875794434820322e-05
81.45721125713455,2.1344227969919117e-05,2.8210734559688107e-07,1.4290602899403135e-05
81.6406734446506,2.197897562211595e-05,2.91636636256316e-07,1.4715967271153153e-05
81.82413563216667,2.2629780443835927e-05,3.0144765227906305e-07,1.5152105675442673e-05
82.00759781968273,2.3296971845926534e-05,3.115474713533526e-07,1.559923957495509e-05
82.19106000719881,2.398088422806486e-05,3.219433150858848e-07,1.605759379866087e-05
82.37452219471488,2.4681857021127208e-05,3.326425511521746e-07,1.6527396570717877e-05
82.55798438223094,2.5400234729429362e-05,3.4365269546455725e-07,1.7008879539291578e-05
82.74144656974701,2.6136366972831048e-05,3.5498141435778774e-07,1.750227780529085e-05
82.9249087572631,2.6890608528698153e-05,3.666365267921635e-07,1.8007829951015003e-05
83.10837094477915,2.7663319373716007e-05,3.7862600657409825e-07,1.852577806870763e-05
83.29183313229522,2.845486472554749e-05,3.909579845940692e-07,1.9056367789013043e-05
83.47529531981128,2.926561508432928e-05,4.0364075108186145e-07,1.9599848309330865e-05
83.65875750732737,3.0095946274000142e-05,4.1668275787902405e-07,2.0156472422064648e-05
83.84221969484344,3.094623948345435e-05,4.3009262072845864e-07,2.0726496542759957e-05
84.02568188235949,3.181688130751446e-05,4.4387912158104874e-07,2.1310180738128014e-05
84.20914406987556,3.27082637877165e-05,4.580512109192419e-07,2.1907788753950184e-05
84.39260625739165,3.362078445290189e-05,4.7261801009749263e-07,2.2519588042859695e-05
84.5760684449077,3.455484635960905e-05,4.875888136994696e-07,2.3145849791995618e-05
84.75953063242378,3.5510858132259266e-05,5.02973091911928e-07,2.3786848950525623e-05
84.94299281993983,3.648923400312977e-05,5.187804929151494e-07,2.4442864257032847e-05
85.1264550074559,3.749039385210853e-05,5.350208452898429e-07,2.511417826676293e-05
85.30991719497199,3.8514763246224134e-05,5.51704160440401e-07,2.580107737872709e-05
85.49337938248804,3.956277347894489e-05,5.688406350344049e-07,2.6503851862657054e-05
85.67684157000411,4.0634861609240935e-05,5.864406534582615e-07,2.72227958858078e-05
85.86030375752017,4.173147050040331e-05,6.04514790288866e-07,2.7958207539604055e-05
86.04376594503626,4.285304885861415e-05,6.23073812781166e-07,2.871038886612647e-05
86.22722813255233,4.400005127126175e-05,6.42128683371511e-07,2.9479645884433556e-05
86.41069032006838,4.517293824499479e-05,6.616905621966674e-07,3.026628861671529e-05
86.59415250758445,4.6372176243509854e-05,6.817708096283695e-07,3.1070631114274474e-05
86.77761469510054,4.759823772506615e-05,7.023809888232847e-07,3.189299148333199e-05
86.9610768826166,4.885160117972195e-05,7.23532868288259e-07,3.273369191065192e-05
87.14453907013267,5.01327511662868e-05,7.452384244607146e-07,3.35930586889828e-05
87.32800125764872,5.144217834898387e-05,7.675098443040622e-07,3.447142224231105e-05
87.51146344516481,5.278037953381662e-05,7.90359527917994e-07,3.536911715092279e-05
87.69492563268088,5.414785770463459e-05,8.13800091163514e-07,3.6286482176270426e-05
87.87838782019693,5.5545122058892274e-05,8.378443683025685e-07,3.722386028564001e-05
88.061850007713,5.6972688043095774e-05,8.625054146521298e-07,3.818159867661579e-05
88.24531219522909,5.843107738793183e-05,8.877965092525865e-07,3.916004880133831e-05
88.42877438274515,5.9920818143073866e-05,9.137311575502955e-07,4.01595663905524e-05
88.61223657026122,6.14424447116593e-05,9.403230940941361e-07,4.1180511477441234e-05
88.79569875777727,6.29964978844334e-05,9.67586285245926e-07,4.222324842124324e-05
88.97916094529336,6.45835248735539e-05,9.955349319045296e-07,4.3288145930647994e-05
89.16262313280943,6.620407934605167e-05,1.02418347224351e-06,4.437557708696783e-05
89.34608532032549,6.785872145694174e-05,1.0535465844621617e-06,4.548591936708144e-05
89.52954750784156,6.954801788198031e-05,1.083639189549762e-06,4.661955466614644e-05
89.71300969535763,7.127254185006193e-05,1.1144764540628768e-06,4.777686932007693e-05
89.8964718828737,7.303287317525245e-05,1.146073792915553e-06,4.895825412778315e-05
90.07993407038977,7.482959828845277e-05,1.1784468721822313e-06,5.0164104373169866e-05
90.26339625790582,7.666331026868796e-05,1.211611611913208e-06,5.139481984688983e-05
90.4468584454219,7.85346088740182e-05,1.2455841889624706e-06,5.2650804867849634e-05
90.63032063293798,8.044410057206518e-05,1.2803810398277363e-06,5.393246830446419e-05
90.81378282045404,8.239239857015074e-05,1.316018863502514e-06,5.524022359565718e-05
90.99724500797011,8.438012284504225e-05,1.3525146243400135e-06,5.657448877160384e-05
91.18070719548618,8.64079001723005e-05,1.389885554928716e-06,5.793568647421353e-05
91.36416938300225,8.847636415522584e-05,1.4281491589794328e-06,5.9324243977348595e-05
91.54763157051832,9.058615525339735e-05,1.4673232142236553e-06,6.0740593206776673e-05
91.73109375803438,9.2737920810802e-05,1.507425775323024e-06,6.21851707598538e-05
91.91455594555045,9.493231508354781e-05,1.5484751767897153e-06,6.365841792493461e-05
92.09801813306653,9.716999926715847e-05,1.5904900359175652e-06,6.516078070050767e-05
92.28148032058259,9.945164152344432e-05,1.6334892557237359e-06,6.669270981405256e-05
92.46494250809866,0.00010177791700694515,1.677492027900729e-06,6.825466074061596e-05
92.64840469561473,0.00010414950789094255,1.7225178357785533e-06,6.98470937211042e-05
92.8318668831308,0.00010656710339303549,1.768586457296853e-06,7.147047378028931e-05
93.01532907064687,0.00010903139980027712,1.8157179679867884e-06,7.312527074452618e-05
93.19879125816294,0.00011154310049386812,1.8639327439624807e-06,7.481195925917788e-05
93.382253445679,0.00011410291597340283,1.913251464921812e-06,7.653101880574699e-05
93.56571563319508,0.00011671156388066485,1.96369511715638e-06,7.828293371870998e-05
93.74917782071114,0.00011936976902296795,2.0152849965704015e-06,8.006819320205262e-05
93.93264000822721,0.00012207826339603918,2.0680427117083567e-06,8.188729134550326e-05
94.11610219574328,0.0001248377862064405,2.121990186791176e-06,8.374072714046254e-05
94.29956438325934,0.00012764908389352542,2.177149664760749e-06,8.562900449562644e-05
94.48302657077542,0.00013051291015092728,2.233543710332548e-06,8.755263225230031e-05
94.6664887582915,0.0001334300259475763,2.29119521305616e-06,8.951212419940282e-05
94.84995094580755,0.00013640119954824175,2.3501273903835067e-06,9.150799908815549e-05
95.03341313332362,0.00013942720653359583,2.410363790744548e-06,9.35407806464579e-05
95.21687532083969,0.00014250882981979712,2.471928296630236e-06,9.561099759294495e-05
95.40033750835576,0.0001456468596775897,2.5348451276825245e-06,9.771918365072446e-05
95.58379969587183,0.00014884209375091504,2.5991388437911968e-06,9.986587756079335e-05
95.76726188338789,0.00015209533707503478,2.6648343481973044e-06,0.00010205162309513039
95.95072407090397,0.00015540740209416023,2.7319568906029917e-06,0.00010427696906946309
96.13418625842004,0.00015877910867858675,2.8005320702874853e-06,0.0001065424693557075
96.3176484459361,0.0001622112841413304,2.8705858392290264e-06,0.00010884868289407859
96.50111063345217,0.00016570476325426304,2.9421445052325158e-06,0.00011119617370486956
96.68457282096824,0.00016926038826374555,3.015234735062667e-06,0.00011358551089989844
96.86803500848431,0.00017287900890575452,3.0898835575824082e-06,0.00011601726869362021
97.05149719600038,0.0001765614824205015,3.166118366896342e-06,0.00011849202641390282
97.23495938351644,0.00018030867356654145,3.243966925499014e-06,0.00012101036851246503
97.41842157103252,0.00018412145463436936,3.3234573674277606e-06,0.00012357288457497549
97.6018837585486,0.00018800070545950168,3.4046182014199215e-06,0.00012618016933081065
97.78534594606465,0.00019194731343504136,3.4874783140741713e-06,0.00012883282266247037
97.96880813358072,0.00019596217352372338,3.572066973015753e-06,0.00013153144961464974
98.1522703210968,0.00020004618826944049,3.6584138300653693e-06,0.00013427666040296572
98.33573250861286,0.00020420026780824572,3.7465489244115065e-06,0.0001370690704223379
98.51919469612893,0.00020842532987883018,3.836502685785952e-06,0.00013990930025502036
98.70265688364499,0.0002127222998324758,3.928305937642283e-06,0.0001427979756782858
98.88611907116106,0.00021709211064247874,4.0219899003370784e-06,0.00014573572767175876
99.06958125867715,0.00022153570291304415,4.1175861943136324e-06,0.00014872319242439732
99.2530434461932,0.00022605402488764972,4.215126843287909e-06,0.00015176101134112312
99.43650563370927,0.000230648032456877,4.314644277436541e-06,0.00015484983104909733
99.61996782122533,0.0002353186891657086,4.416171336586603e-06,0.0001579903034036425
99.80343000874142,0.00024006696622028983,4.519741273406925e-06,0.00016118308549380837
99.98689219625749,0.00024489384249415494,4.625387756600736e-06,0.00016442883964758222
100.17035438377354,0.00024980030453391415,4.7331448740993625e-06,0.00016772823343674098
100.35381657128961,0.00025478734656440383,4.843047136256768e-06,0.00017108193968134625
100.5372787588057,0.0002598559704932947,4.95512947904469e-06,0.00017449063645387958
100.72074094632175,0.0002650071859151611,5.069427267248131e-06,0.0001779550070830188
100.90420313383783,0.00027024201011500765,5.185976297660955e-06,0.0001814757401570541
101.08766532135388,0.0002755614680712531,5.304812802281385e-06,0.00018505352952694247
101.27112750886997,0.0002809665924581717,5.425973451507107e-06,0.00018868907430900176
101.45458969638604,0.0002864584236477897,5.549495357329806e-06,0.00019238307888724165
101.6380518839021,0.0002920380097112376,5.6754160765288156e-06,0.0001961362529153328
101.82151407141816,0.0002977064064195572,5.803773613863721e-06,0.00019994931131821258
102.00497625893425,0.00030346467724396185,5.934606425265617e-06,0.00020382297429332726
102.1884384464503,0.0003093138933555525,6.0679534210268e-06,0.0002077579673115108
102.37190063396638,0.0003152551336244847,6.203853968988666e-06,0.00021175502111749918
102.55536282148243,0.0003212894846185908,6.3423478977275435e-06,0.00021581487173008007
102.73882500899852,0.00032741804060145395,6.4834754997382544e-06,0.00021993826044187895
102.92228719651459,0.0003336419035299339,6.627277534615134e-06,0.00022412593381877793
103.10574938403064,0.00033996218305114745,6.773795232230284e-06,0.00022837864369897252
103.28921157154672,0.0003463799964988998,6.923070295908816e-06,0.000232697147191661
103.47267375906277,0.0003528964688895689,7.075144905600845e-06,0.00023708220667536975
103.65613594657886,0.0003595127329174417,7.230061721049987e-06,0.00024153458979591226
103.83959813409493,0.0003662299289495046,7.387863884958128e-06,0.00024605506946398395
104.02306032161098,0.0003730492050196853,7.5485950261462195e-06,0.0002506444238523914
104.20652250912705,0.0003799717168225481,7.712299262710855e-06,0.0002553034363929159
104.38998469664314,0.0003869986277064433,7.879021205176409e-06,0.0002600328957728127
104.5734468841592,0.0003941311086661108,8.048805959642476e-06,0.0002648335959309459
104.75690907167527,0.0004013703383347355,8.221699130926374e-06,0.00026970633605355655
104.94037125919132,0.00040871750297546164,8.397746825700489e-06,0.00027465192056966986
105.12383344670741,0.0004161737964723584,8.576995655624208e-06,0.0002796711591461352
105.30729563422348,0.0004237404203208445,8.759492740470205e-06,0.000284764866682304
105.49075782173954,0.000431418583617568,8.945285711244851e-06,0.0002899338633043445
105.6742200092556,0.00043920950304974365,9.134422713302498e-06,0.00029517897435919234
105.85768219677169,0.0004471144028839495,9.326952409453398e-06,0.0003005010304081403
106.04114438428775,0.0004551345149543816,9.522923983065047e-06,0.0003059008672200649
106.22460657180382,0.0004632710786505692,9.722387141156694e-06,0.00031137932576429225
106.40806875931987,0.000471525340904551,9.92539211748677e-06,0.00031693725220310274
106.59153094683596,0.0004798985561775133,1.013198967563305e-05,0.00032257549788387564
106.77499313435203,0.0004883919864458904,1.0342231112065253e-05,0.00032829491933087333
106.95845532186809,0.0004970069011869329,1.0556168259209898e-05,0.0003340963782366697
107.14191750938416,0.0005057445773637363,1.0773853488507138e-05,0.0003399807414532149
107.32537969690024,0.0005146062994097399,1.0995339713459388e-05,0.00034594888098254825
107.5088418844163,0.0005235933592126935,1.1220680392671482e-05,0.0003520016739671515
107.69230407193237,0.0005327070560980923,1.1449929532882122e-05,0.00035814000267994666
107.87576625944843,0.0005419486968120835,1.1683141691986433e-05,0.00036436475451393933
108.0592284469645,0.0005513195955038448,1.1920371982049346e-05,0.0003706768219715085
108.24269063448058,0.0005608210737074381,1.2161676072309602e-05,0.0003770771026533423
108.42615282199664,0.0005704544603231368,1.2407110192174153e-05,0.000383566499247022
108.60961500951271,0.0005802210915982303,1.2656731134202731e-05,0.000390145919515255
108.79307719702878,0.0005901223111073099,1.2910596257082343e-05,0.00039681627628375795
108.97653938454485,0.0006001594697320318,1.3168763488591505e-05,0.0004035784874287911
109.16000157206092,0.0006103339256403644,1.3431291328553928e-05,0.00041043347586434357
109.34346375957698,0.000620647044265319,1.3698238851781513e-05,0.00041738216952897375
109.52692594709305,0.0006311001982831671,1.3969665711006355e-05,0.0004244255013723023
109.71038813460913,0.000641694767591145,1.4245632139801598e-05,0.0004315644093411627
109.89385032212519,0.0006524321392846484,1.452619895549087e-05,0.00043879983636540664
110.07731250964126,0.0006633137076339188,1.4811427562046106e-05,0.0004461327303433695
110.26077469715733,0.0006743408740602252,1.510137995297355e-05,0.0004535640441269945
110.4442368846734,0.0006855150471115389,1.5396118714187687e-05,0.00046109473550661644
110.62769907218947,0.000696837642437711,1.5695707026872905e-05,0.00046872576719541106
110.81116125970554,0.0007083100827651453,1.6000208670332704e-05,0.0004764581068135038
110.9946234472216,0.0007199337978709782,1.6309688024826134e-05,0.0004842927268717461
111.17808563473768,0.0007317102245567621,1.662421007439143e-05,0.0004922306047551585
111.36154782225374,0.0007436408066216536,1.694384040965641e-05,0.0005002727227060392
111.54501000976981,0.0007557269948351168,1.726864523063561e-05,0.0005084200678067451
111.72847219728588,0.0007679702469091342,1.7598691349513845e-05,0.0005166736319621417
111.91193438480195,0.000780372027469933,1.793404619341605e-05,0.0005250344118817262
112.09539657231802,0.0007929338080292309,1.8274777807163103e-05,0.0005335034090614249
112.2788587598341,0.0008056570669549996,1.8620954856013544e-05,0.0005420816297650668
112.46232094735015,0.0008185432894417496,1.897264662839089e-05,0.0005507700850055333
112.64578313486624,0.0008315939674803432,1.932992303859634e-05,0.0005595697905255889
112.82924532238229,0.000844810599827331,1.9692854629506816e-05,0.0005684817667783904
113.01270750989836,0.0008581946919738225,2.0061512575257903e-05,0.000577507038907681
113.19616969741443,0.0008717477561138865,2.043596868391167e-05,0.0005866466367276675
113.37963188493049,0.0008854713111124902,2.081629540010912e-05,0.0005959015947025834
113.56309407244657,0.0008993668824729736,2.1202565807707037e-05,0.0006052729519259404
113.74655625996265,0.0009134360023040674,2.159485363239909e-05,0.0006147617520994691
113.9300184474787,0.0009276802092864573,2.199323324432099e-05,0.0006243690435117531
114.11348063499477,0.0009421010486388893,2.2397779660639427e-05,0.0006340958790165527
114.29694282251084,0.0009567000720838324,2.280856854812471e-05,0.0006439433160108286
114.48040501002691,0.0009714788378126891,2.3225676225706902e-05,0.0006539124164124596
114.66386719754298,0.0009864389104505644,2.364917966701512e-05,0.0006640042466376601
114.84732938505904,0.0010015818610205958,2.4079156502900033e-05,0.0006742198775781015
115.03079157257513,0.0010169092669078397,2.4515685023939213e-05,0.0006845603845777306
115.2142537600912,0.001032422711822732,2.495884418292517e-05,0.0006950268474093019
115.39771594760725,0.0010481237857641078,2.5408713597336008e-05,0.0007056203502506083
115.58117813512332,0.0010640140849818027,2.586537355178833e-05,0.0007163419816604284
115.7646403226394,0.0010800952119388182,2.632890500047242e-05,0.0007271928345541791
115.94810251015546,0.0010963687752730776,2.6799389569569304e-05,0.0007381740061792882
116.13156469767154,0.0011128363897587512,2.7276909559649743e-05,0.0007492865980902744
116.31502688518759,0.0011294996762671768,2.7761547948054766e-05,0.0007605317161235535
116.49848907270368,0.0011463602617273602,2.8253388391257752e-05,0.0007719104703719582
116.68195126021975,0.001163419779086072,2.875251522720776e-05,0.0007834239751589829
116.8654134477358,0.00118067986726754,2.9259013477654016e-05,0.0007950733490127522
117.04887563525187,0.001198142171132733,2.977296885045131e-05,0.000806859714639715
117.23233782276795,0.001215808341438257,3.0294467741846223e-05,0.0008187841988980705
117.41580001028402,0.0012336800347948463,3.082359723874398e-05,0.0008308479327709178
117.59926219780009,0.001251758913625468,3.136044512095571e-05,0.0008430520513391477
117.78272438531614,0.0012700466461230404,3.190509986342609e-05,0.0008553976937540635
117.96618657283221,0.0012885449062077629,3.245765063844098e-05,0.0008678860032097418
118.1496487603483,0.0013072553734840681,3.301818731781527e-05,0.0008805181269151344
118.33311094786436,0.001326179733197195,3.3586800475060246e-05,0.0008932952160659093
118.51657313538043,0.0013453196761893903,3.416358138753084e-05,0.0009062184258160398
118.70003532289648,0.001364676898855735,3.474862203855238e-05,0.0009192889152491382
118.88349751041257,0.0013842531030996141,3.534201511952654e-05,0.0009325078473495412
119.06695969792864,0.0014040499962878123,3.5943854032016626e-05,0.0009458763889731443
119.2504218854447,0.001424069291205259,3.655423288981189e-05,0.0009593957108179934
119.43388407296077,0.0014443127060094119,3.7173246520970736e-05,0.0009730669873946289
119.61734626047685,0.0014647819641842945,3.780099046984268e-05,0.000986891396996193
119.8008084479929,0.0014854787944941813,3.843756099906895e-05,0.0010008701216682966
119.98427063550898,0.001506404930936942,3.9083055091561546e-05,0.0010150043471786499
120.16773282302503,0.0015275621126970417,3.9737570452460675e-05,0.0010292952629864585
120.35119501054112,0.0015489520840982064,4.04012055110703e-05,0.0010437440622115906
120.53465719805719,0.001570576594555756,4.107405942277178e-05,0.0010583519416035117
120.71811938557325,0.0015924373985286076,4.17562320709155e-05,0.0010731201015099978
120.90158157308932,0.0016145362554709538,4.2447824068690214e-05,0.001088049745845621
121.0850437606054,0.0016368749297836181,4.314893676097004e-05,0.0011031420820600156
121.26850594812146,0.0016594551907650932,4.3859672226139006e-05,0.0011183983211059231
121.45196813563753,0.0016822788125622674,4.458013327789304e-05,0.0011338196774070247
121.63543032315359,0.0017053475741208382,4.5310423467019166e-05,0.0011494073688255563
121.81889251066967,0.0017286632591354222,4.605064708315184e-05,0.0011651626166297156
122.00235469818574,0.00175222765599936,4.680090915650631e-05,0.0011810866454608562
122.1858168857018,0.0017760425577542285,4.756131545958904e-05,0.0011971806833004823
122.36927907321787,0.0018001097620390482,4.83319725088846e-05,0.0012134459614370305
122.55274126073392,0.0018244310710392093,4.9112987566519515e-05,0.0012298837144324567
122.73620344825001,0.0018490082914351114,4.990446864190253e-05,0.0012464951800886285
122.91966563576608,0.0018738432343505123,5.0706524493341274e-05,0.0012632815994135088
123.10312782328214,0.0018989377153006046,5.151926462963536e-05,0.0012802442165871593
123.28659001079821,0.001924293554139818,5.234279931164561e-05,0.0012973842789275455
123.47005219831429,0.0019499125750093438,5.3177239553839394e-05,0.0013147030368561548
123.65351438583035,0.0019757966062844004,5.4022697125811984e-05,0.0013322017438634314
123.83697657334642,0.00200194748052123,5.4879284553783776e-05,0.0013498816564740256
124.02043876086248,0.0020283670344038397,5.5747115122073346e-05,0.0013677440342118625
124.20390094837856,0.0020550571086904836,5.6626302874546145e-05,0.0013857901395650347
124.38736313589463,0.0020820195481598943,5.751696261603873e-05,0.0014040212379505166
124.57082532341069,0.002109256201557274,5.84192099137586e-05,0.0014224385976787104
124.75428751092676,0.002136768921540028,5.933316109865939e-05,0.0014410434899178167
124.93774969844284,0.002164559564623278,6.0258933266791225e-05,0.0014598371886580441
125.1212118859589,0.002192629991125113,6.11966442806265e-05,0.0014788209706756423
125.30467407347497,0.0022209820651116373,6.214641277036057e-05,0.0014979961154967863
125.48813626099103,0.00224961765434177,6.310835813518761e-05,0.0015173639053612923
125.67159844850711,0.0022785386302118264,6.408260054455126e-05,0.0015369256251861745
125.85506063602318,0.002307746867699886,6.50692609393703e-05,0.0015566825625290578
126.03852282353924,0.0023372442453099313,6.60684610332389e-05,0.0015766360075514228
126.22198501105531,0.002367032645015784,6.708032331360176e-05,0.0015967872529817143
126.4054471985714,0.0023971139522048317,6.810497104290361e-05,0.001617137594078296
126.58890938608745,0.002427490055621544,6.914252825971342e-05,0.001637688328592261
126.77237157360352,0.0024581628473107917,7.019311977982303e-05,0.001658440756730101
126.95583376111958,0.0024891342225609675,7.125687119732006e-05,0.0016793961811162345
127.13929594863565,0.0025204060798469175,7.23339088856352e-05,0.001700555906755401
127.32275813615173,0.0025519803207726724,7.342435999856367e-05,0.0017219212409949132
127.50622032366779,0.002583858850014008,7.452835247126087e-05,0.0017434934934867888
127.68968251118386,0.0026160435752608066,7.56460150212121e-05,0.0017652739761497363
127.87314469869993,0.0026485364071592516,7.677747714917637e-05,0.001787264003131029
128.056606886216,0.002681339259253846,7.792286914010402e-05,0.0018094648907682448
128.24006907373206,0.0027144540479292485,7.908232206402829e-05,0.0018318779575508819
128.42353126124814,0.002747882692351963,8.025596777693082e-05,0.001854504524081864
128.6069934487642,0.002781627114411837,8.144393892158073e-05,0.0018773459130389143
128.79045563628029,0.0028156892386634264,8.264636892834762e-05,0.001900403449135828
128.97391782379634,0.0028500709922671835,8.3863392015988e-05,0.0019236784590836186
129.15738001131243,0.0028847743049304976,8.509514319240551e-05,0.0019471722715515606
129.34084219882848,0.002919801108848591,8.634175825538457e-05,0.001970886217128123
129.52430438634457,0.002955153338645257,8.760337379329755e-05,0.001994821628281791
129.70776657386062,0.002990832931313467,8.888012718578526e-05,0.0020189798393217932
129.89122876137668,0.0030268418261558275,9.017215660441118e-05,0.0020433621863587157
130.07469094889277,0.003063181964724906,9.14796010132886e-05,0.002067970007265025
130.25815313640882,0.0030998552907634206,9.280260016968123e-05,0.002092804641635487
130.4416153239249,0.0031368637501443,9.41412946245772e-05,0.0021178674307474965
130.62507751144096,0.003174209290810616,9.549582572323608e-05,0.0021431597175213036
130.80853969895702,0.0032118938627153973,9.686633560570907e-05,0.0021686828464801628
130.9920018864731,0.003249919417761313,9.825296720733238e-05,0.002194438163710379
131.17546407398916,0.0032882879097402436,9.965586425919373e-05,0.0022204270168212745
131.35892626150525,0.0033270012942727364,0.00010107517128857182,0.002246650754905063
131.5423884490213,0.0033660615287473537,0.00010251103361934867,0.0022731107284966546
131.72585063653736,0.0034054705722599,0.00010396359737239532,0.002299808289533359
131.90931282405344,0.0034452303855525544,0.00010543300946593007,0.002326744791314525
132.09277501156953,0.0034853429309528922,0.00010691941761584972,0.0023539215884610947
132.27623719908559,0.003525810172312815,0.00010842297033603399,0.0023813400368750846
132.45969938660164,0.003566634074947368,0.0001099438169386223,0.0024090014936989906
132.64316157411773,0.0036078166055734766,0.00011148210753426363,0.0024369073172751192
132.82662376163378,0.0036493597322485812,0.00011303799303233927,0.002465058867104854
133.01008594914987,0.0036912654243091785,0.00011461162514115801,0.0024934575038078393
133.19354813666592,0.003733535652309291,0.00011620315636812427,0.0025221045890811158
133.377010324182,0.0037761723879588317,0.00011781274001987902,0.0025510014856581715
133.56047251169807,0.0038191776040618955,0.00011944053020241311,0.0025801495572679396
133.74393469921412,0.0038625532744549647,0.00012108668182115346,0.0026095501685937245
133.9273968867302,0.0039063013739450425,0.00012275135058102183,0.002639204685232076
134.11085907424626,0.0039504238782477,0.0001244346929864662,0.0026691144736515956
134.29432126176235,0.003994922763925058,0.00012613686634146477,0.0026992809011516868
134.4777834492784,0.004039800008323688,0.0001278580287495024,0.002729705335821245
134.66124563679446,0.00408505758951244,0.00012959833911352,0.0027603891464972924
134.84470782431055,0.004130697486220223,0.00013135795713583573,0.0027913337027235655
135.02817001182663,0.004176721677773676,0.00013313704331803958,0.0028225403747090287
135.2116321993427,0.004223132144034819,0.0001349357589608598,0.0028540105332863558
135.39509438685874,0.0042699308653386045,0.0001367542661640023,0.0028857455498703475
135.57855657437483,0.004317119822430432,0.00013859272782596187,0.0029177467964163037
135.7620187618909,0.0043647009964035855,0.00014045130764380674,0.002950015645378343
135.94548094940697,0.004412676368636606,0.00014233017011293492,0.002982553469667668
136.12894313692303,0.004461047920730633,0.00014422948052680309,0.003015361642610798
136.31240532443908,0.004509817634446651,0.0001461494049766281,0.0030484415379077347
136.49586751195517,0.004558987491642715,0.00014809011035106094,0.003081794529590097
136.67932969947123,0.004608559474211092,0.00015005176433583267,0.0031154219919791995
136.8627918869873,0.004658535564015373,0.00015203453541337312,0.0031493252996440944
137.04625407450337,0.004708917742827513,0.0001540385928624021,0.0031835058273595616
137.22971626201945,0.004759707992264825,0.00015606410675749242,0.0032179649500640563
137.4131784495355,0.004810908293726937,0.0001581112479686057,0.0032527040428176218
137.59664063705156,0.004862520628332664,0.00016018018816060065,0.0032877244807597433
137.78010282456765,0.004914546976856872,0.0001622710997927132,0.0033230276390671743
137.96356501208373,0.004966989319667258,0.00016438415611800937,0.003358614892911709
138.1470271995998,0.005019849636661092,0.00016651953118281026,0.003394487617417923
138.33048938711585,0.005073129907201936,0.00016867739982608953,0.00343064718762087
138.5139515746319,0.00512683211005626,0.00017085793767884297,0.0034670949784237257
138.697413762148,0.005180958223330071,0.00017306132116343053,0.00350383236455541
138.88087594966407,0.005235510224405446,0.00017528772749289068,0.003540860720528153
139.06433813718013,0.005290490089877046,0.00017753733467022685,0.0035781814205950273
139.2478003246962,0.005345899795488575,0.00017981032148766627,0.003615795838707436
139.43126251221227,0.005401741316069188,0.0001821068675258912,0.003653705348472568
139.61472469972833,0.005458016625469858,0.00018442715315324223,0.0036919113231107976
139.7981868872444,0.005514727696499683,0.00018677135952489392,0.0037304151354130566
139.98164907476047,0.005571876500862167,0.0001891396685820026,0.003769218157698162
140.16511126227655,0.005629465009091432,0.00019153226305082668,0.0038083217617700983
140.3485734497926,0.005687495190488397,0.0001939493264418187,0.0038477273188752673
140.53203563730867,0.005745969013056896,0.00019639104304869018,0.003887436199659683
140.71549782482475,0.005804888443439757,0.00019885759794744835,0.0039274497741261395
140.8989600123408,0.005864255446854836,0.000201349176995405,0.003967769411591328
141.0824221998569,0.005924071987030982,0.00020386596683015772,0.004008396480642918
141.26588438737295,0.005984340026143963,0.00020640815486854344,0.004049332349096576
141.449346574889,0.006045061524752352,0.00020897592930556376,0.004090578383952975
141.6328087624051,0.006106238441733346,0.00021156947911328306,0.004132135951354731
141.81627094992118,0.006167872734218542,0.00021418899403969775,0.004174006416543315
141.99973313743723,0.0062299663575296396,0.00021683466460757904,0.0042161911438158926
142.1831953249533,0.006292521265114129,0.00021950668211328668,0.004258691496482161
142.36665751246935,0.00635553940848088,0.0002222052386255555,0.0043015088368211
142.55011969998543,0.00641902273713572,0.0002249305269842536,0.004344644526037706
142.73358188750151,0.006482973198516907,0.0002276827407991133,0.004388099924219654
142.91704407501757,0.0065473927379305925,0.00023046207444843346,0.004431876390293935
143.10050626253363,0.006612283298486184,0.0002332687230777545,0.004475975281983422
143.2839684500497,0.0066776468210316894,0.00023610288259850475,0.0045203979557634204
143.46743063756577,0.006743485244088962,0.00023896474968661987,0.004565145766818128
143.65089282508185,0.006809800503788907,0.0002418545217811334,0.0046102200689970745
143.8343550125979,0.006876594533806622,0.0002447723970827399,0.004655622214771499
144.017817200114,0.006943869265296473,0.0002477185745523297,0.004701353555190683
144.20127938763005,0.007011626626827102,0.00025069325390949637,0.004747415439838214
144.3847415751461,0.0070798685443163615,0.00025369663563101503,0.00479380921678821
144.5682037626622,0.0071485969409662104,0.0002567289209492936,0.004840536232561499
144.75166595017828,0.007217813737197505,0.0002597903118507959,0.004887597832081713
144.93512813769433,0.00728752085058474,0.0002628810110744362,0.004934995358631353
145.1185903252104,0.0073577201957907195,0.0002660012221099458,0.0049827301538077915
145.30205251272645,0.007428413684501149,0.000269151149196212,0.005030803557479207
145.48551470024253,0.00749960322535915,0.0002723309973195886,0.005079216907740471
145.66897688775862,0.007571290723899728,0.0002755409722121782,0.005127971540868982
145.85243907527467,0.007643478082484116,0.00027878128035008627,0.005177068791280414
146.03590126279073,0.0077161672002340875,0.0002820521289516479,0.005226509991484439
146.21936345030682,0.007789359972966162,0.0002853537259756247,0.005276296472040349
146.40282563782287,0.007863058293125742,0.0002886862801193751,0.005326429561512658
146.58628782533896,0.007937264049721175,0.0002920500008169954,0.0053769105864266
146.769750012855,0.008011979128257709,0.0002954450982374338,0.005427740871223595
146.95321220037107,0.008087205410671396,0.0002988717832825735,0.0054789217382166305
147.13667438788715,0.0081629447752629,0.0003023302675852913,0.005530454507545586
147.3201365754032,0.008239199096631197,0.0003058207635074843,0.005582340497132486
147.5035987629193,0.008315970245607231,0.0003093434841380706,0.005634581022636699
147.68706095043538,0.008393260089187445,0.0003128986432909606,0.005687177397410044
147.87052313795144,0.008471070490467221,0.0003164864555029996,0.00574013093245185
148.0539853254675,0.008549403308574283,0.00032010713603188316,0.005793442936363939
148.23744751298358,0.00862826039860196,0.0003237609008540431,0.00584711471530555
148.42090970049964,0.008707643611542335,0.0003274479666625048,0.0059011475729481505
148.6043718880157,0.008787554794219377,0.000331168550864717,0.0059555428104302414
148.78783407553175,0.00886799578922191,0.00033492287158035214,0.006010301726312027
148.97129626304786,0.008948968434836526,0.0003387111476390781,0.006065425616530062
149.15475845056392,0.0090304745649804,0.00034253359857830255,0.006120915774351801
149.33822063807997,0.009112516009133967,0.000346390444640887,0.006176773490330062
149.52168282559606,0.009195094592273564,0.00035028190677283377,0.006233000052257449
149.70514501311212,0.009278212134803926,0.00035420820662094264,0.006289596745120668
149.88860720062817,0.009361870452490609,0.00035816956653044054,0.006346564851054797
150.07206938814426,0.009446071356392301,0.000362166209542581,0.006403905649297448
150.2555315756603,0.00953081665279304,0.00036619835939221584,0.0064616204161428836
150.43899376317637,0.009616108143134332,0.0003702662405053376,0.00651971042489604
150.62245595069248,0.00970194762394716,0.0003743700779965932,0.006578176945826471
150.80591813820854,0.009788336886783894,0.00037851009766676853,0.006637021246122222
150.9893803257246,0.009875277718150116,0.000382686526000245,0.006696244589843639
151.17284251324068,0.009962771899436325,0.0003868995901624258,0.006755848237877071
151.35630470075674,0.010050821206849529,0.0003911495179971346,0.006815833447888516
151.5397668882728,0.010139427411344774,0.0003954365380239839,0.00687620147427719
151.72322907578885,0.010228592278556548,0.0003997608794357161,0.006936953568129007
151.90669126330494,0.010318317568730051,0.0004041227720955133,0.0069980909771699806
152.09015345082102,0.010408605036652427,0.0004085224465342803,0.007059614945719569
152.27361563833708,0.010499456431583853,0.0004129601339478965,0.0071215267146439165
152.45707782585316,0.010590873497188527,0.0004174360661944405,0.007183827521309032
152.64054001336922,0.010682857971465577,0.0004219504757913838,0.007246518599533893
152.82400220088527,0.01077541158667983,0.0004265035959127567,0.00730960117954345
153.00746438840136,0.010868536069292525,0.0004310956603862841,0.007373076487921586
153.19092657591742,0.010962233139891904,0.0004357269036904921,0.0074369457475639816
153.37438876343347,0.011056504513123674,0.0004403975609517861,0.007501210177630888
153.5578509509496,0.01115135189762145,0.0004451078679414985,0.007565870993499875
153.74131313846564,0.011246776995937017,0.0004498580610729075,0.00763092940671845
153.9247753259817,0.011342781504470524,0.00045464837739822735,0.007696386624956623
154.10823751349778,0.011439367113400602,0.00045947905460556784,0.007762243851959405
154.29169970101384,0.011536535506614353,0.0004643503310158648,0.007828502287499216
154.4751618885299,0.01163428836163729,0.0004692624455797815,0.007895163127328261
154.65862407604595,0.011732627349563107,0.0004742156378745803,0.007962227563130758
154.84208626356204,0.011831554134983454,0.00047921014810096496,0.008029696782475181
155.0255484510781,0.01193107037591753,0.0004842462170798932,0.008097571968766357
155.20901063859418,0.012031177723741657,0.00048932408624936,0.008165854301197565
155.39247282611026,0.012131877823118729,0.0004944439976611505,0.008234544954702504
155.57593501362632,0.01223317231192758,0.0004996061939775642,0.008303645099907239
155.75939720114238,0.012335062821192266,0.0005048109184681096,0.008373155903082033
155.94285938865846,0.012437550975011272,0.0005100584150061681,0.008443078526093172
156.12632157617452,0.01254063839048665,0.000515348928065629,0.008513414126354696
156.30978376369058,0.012644326677653039,0.0005206827027174955,0.008584163856780049
156.49324595120666,0.01274861743940665,0.0005260599846264589,0.0086553288657337
156.67670813872274,0.012853512271434145,0.0005314810200474455,0.008726910296982702
156.8601703262388,0.012959012762141463,0.0005369460558221318,0.008798909289648152
157.0436325137549,0.013065120492582558,0.0005424553393754311,0.008871326978156655
157.22709470127094,0.013171837036388107,0.0005480091187119498,0.008944164492191695
157.410556888787,0.013279163959694074,0.0005536076424124139,0.009017422956644938
157.59401907630306,0.013387102821070338,0.0005592511596300657,0.00909110349156755
157.77748126381914,0.01349565517144911,0.0005649399200870314,0.009165207212121372
157.9609434513352,0.0136048225540534,0.0005706741740706576,0.009239735228530117
158.14440563885128,0.013714606504325414,0.0005764541724298185,0.009314688646030512
158.32786782636737,0.013825008549854847,0.000582280166571194,0.009390068564823356
158.51133001388342,0.013936030210307171,0.0005881524084555165,0.009465876080024561
158.69479220139948,0.01404767299735189,0.0005940711505937888,0.009542112281616184
158.87825438891556,0.014159938414590706,0.0006000366460434724,0.009618778254397359
159.06171657643162,0.014272827957485672,0.0006060491484046438,0.009695875077935229
159.24517876394768,0.014386343113287325,0.0006121089118161251,0.009773403826515844
159.42864095146376,0.01450048536096274,0.0006182161909515801,0.00985136556909502
159.61210313897985,0.014615256171123614,0.000624371241015583,0.009929761369249177
159.7955653264959,0.014730657005954259,0.000630574317739657,0.010008592285126116
159.979027514012,0.014846689319139645,0.0006368256773782833,0.010087859369395834
160.16248970152805,0.014963354555793354,0.0006431255767048785,0.010167563669201261
160.3459518890441,0.015080654152385593,0.0006494742730077443,0.01024770622610901
160.52941407656016,0.015198589536671091,0.0006558720240859863,0.010328288076060071
160.71287626407624,0.015317162127617152,0.0006623190882454031,0.010409310249320566
160.8963384515923,0.01543637333533151,0.0006688157242943449,0.01049077377043239
161.07980063910836,0.015556224560990348,0.0006753621915395441,0.01057267965816394
161.26326282662447,0.015676717196766252,0.0006819587497819137,0.010655028925460785
161.44672501414053,0.01579785262575616,0.0006886056593123186,0.010737822579396318
161.63018720165658,0.015919632221909362,0.0006953031809073141,0.010821061621122473
161.81364938917267,0.01604205734995553,0.0007020515758248579,0.010904747045820382
161.99711157668872,0.016165129365332705,0.0007088511057999889,0.010988879842651067
162.18057376420478,0.016288849614115405,0.0007157020330404803,0.011073460994706137
162.36403595172087,0.016413219432942674,0.0007226046202224593,0.011158491478958496
162.54749813923692,0.016538240148946243,0.0007295591304859996,0.011243972266213065
162.730960326753,0.01666391307967869,0.0007365658274306832,0.01132990432105752
162.9144225142691,0.016790239533041647,0.000743624975111133,0.011416288601813058
163.09788470178515,0.016917220807214094,0.0007507368380325162,0.011503126060485173
163.2813468893012,0.017044858190580693,0.0007579016811460174,0.011590417642714507
163.46480907681726,0.017173152961660155,0.0007651197698442828,0.011678164287727655
163.64827126433335,0.017302106389033716,0.0007723913699568349,0.011766366928288075
163.8317334518494,0.017431719731273675,0.0007797167477454587,0.011855026490646998
164.01519563936546,0.017561994236872,0.000787096169899556,0.011944143894494403
164.19865782688157,0.017692931144168995,0.0007945299035314742,0.012033720052910002
164.38212001439763,0.01782453168128214,0.000802018216171802,0.012123755872314334
164.56558220191368,0.017956797066034907,0.0008095613757646397,0.012214252252419833
164.74904438942977,0.01808972850588579,0.0008171596506628374,0.012305210086182043
164.93250657694583,0.018223327197857353,0.0008248133096232055,0.01239663025975082
165.11596876446188,0.01835759432846541,0.0008325226218016963,0.012488513652421597
165.29943095197797,0.01849253107364838,0.000840287856748557,0.012580861136586807
165.48289313949402,0.018628138598696664,0.0008481092844034524,0.012673673577687252
165.66635532701008,0.018764418058182263,0.0008559871750905598,0.012766951834163657
165.8498175145262,0.018901370595888395,0.0008639217995136363,0.01286069675740821
166.03327970204225,0.019038997344739385,0.000871913428751055,0.01295490919171626
166.2167418895583,0.019177299426730618,0.0008799623342508154,0.013049589974238074
166.40020407707436,0.019316277952858663,0.0008880687878255226,0.01314473993493066
166.58366626459045,0.019455934023051548,0.0008962330616473406,0.013240359896509724
166.7671284521065,0.01959626872609924,0.0009044554282429155,0.0133364506744017
166.95059063962256,0.019737283139584193,0.0009127361604882719,0.013433013076695893
167.13405282713865,0.01987897832981221,0.0009210755316036795,0.01353004790409674
167.31751501465473,0.020021355351743354,0.0009294738151484933,0.013627555949876139
167.5009772021708,0.02016441524892314,0.0009379312850159654,0.013725537999825954
167.68443938968687,0.02030815905341387,0.000946448215428028,0.013823994832210588
167.86790157720293,0.020452587785726152,0.0009550248809300505,0.013922927217719708
168.05136376471899,0.020597702454750715,0.0009636615563855668,0.014022335919421083
168.23482595223507,0.020743504057690317,0.0009723585169709772,0.014122221692713557
168.41828813975113,0.020889993579991946,0.000981116038170222,0.01422258528528016
168.60175032726718,0.021037171995279238,0.0009899343957694253,0.014323427437041366
168.7852125147833,0.02118504026528507,0.0009988138658515177,0.01442474888010847
168.96867470229935,0.02133359933978448,0.0010077547247908255,0.014526550338737126
169.1521368898154,0.02148285015652774,0.001016757249247636,0.014628832529281072
169.33559907733147,0.02163279364117375,0.0010258217161627382,0.014731596160145934
169.51906126484755,0.02178343070722363,0.0010349484027519298,0.014834841931743276
169.7025234523636,0.02193476225595461,0.0010441375865005063,0.014938570536444751
169.88598563987966,0.02208678917635417,0.0010533895451577155,0.015042782658536447
170.06944782739575,0.022239512345054457,0.0010627045567311935,0.01514747897417342
170.2529100149118,0.02239293262626699,0.0010720828994813683,0.015252660151334363
170.4363722024279,0.022547050871717638,0.0010815248519158392,0.015358326849776501
170.61983438994397,0.022701867920581924,0.0010910306927837332,0.015464479720990668
170.80329657746003,0.022857384599420556,0.0011006007010700297,0.015571119408156512
170.9867587649761,0.02301360172211537,0.001110235155989866,0.015678246546097993
171.17022095249217,0.02317052008980546,0.001119934336982814,0.015785861761239015
171.35368314000823,0.02332814049082375,0.0011296985237071303,0.015893965671559252
171.53714532752429,0.023486463700633797,0.0011395279960339847,0.01600255888655023
171.72060751504034,0.023645490481766965,0.0011494230340416607,0.0161116420071716
171.90406970255646,0.02380522158375993,0.0011593839180097328,0.01622121562580759
172.0875318900725,0.023965657743092564,0.0011694109284132194,0.016331280326223763
172.27099407758857,0.02412679968312607,0.001179504345916708,0.016441836683523888
172.45445626510465,0.024288648114041595,0.0011896644513684613,0.016552885264107135
172.6379184526207,0.02445120373277911,0.0011998915257944946,0.016664426625625468
172.82138064013677,0.024614467222976725,0.001210185850392631,0.016776461316941244
173.00484282765285,0.02477843925491032,0.001220547706526534,0.016888989878085115
173.1883050151689,0.024943120485433616,0.0012309773757197137,0.01700201284021411
173.371767202685,0.02510851155791858,0.001241475139649511,0.01711553072557003
173.55522939020108,0.025274613102196225,0.0012520412801410596,0.017229544047438036
173.73869157771713,0.02544142573449793,0.0012626760791612224,0.017344053310105564
173.9221537652332,0.025608950057396957,0.0012733798188125083,0.017459059008821425
174.10561595274928,0.02577718665975052,0.001284152781326962,0.017574561629755226
174.28907814026533,0.02594613611664227,0.0012949952490600356,0.017690561649957033
174.4725403277814,0.026115798989325183,0.0013059075044844343,0.017807059537317368
174.65600251529744,0.026286175825164813,0.0013168898301839436,0.017924055750527357
174.83946470281353,0.026457267157583064,0.0013279425088472316,0.018041550739039285
175.02292689032961,0.0266290735060024,0.0013390658232616303,0.0181595449430274
175.20638907784567,0.02680159537579046,0.001350260056306895,0.018278038793348987
175.38985126536176,0.026974833258205162,0.0013615254909489455,0.018397032711505754
175.5733134528778,0.027148787630340194,0.0013728624102335811,0.018516527109605482
175.75677564039387,0.027323458955071146,0.0013842710972801796,0.018636522390324085
175.94023782790995,0.02749884768100186,0.001395751835275372,0.01875701894686779
176.123700015426,0.02767495424241147,0.001407304907466699,0.01887801716293583
176.30716220294207,0.02785177905920187,0.0014189305971562464,0.018999517412683332
176.49062439045818,0.02802932253684553,0.00143062918769426,0.019121520060684495
176.67408657797424,0.028207585066334046,0.0014424009624727425,0.019244025461896203
176.8575487654903,0.02838656702412699,0.001454246204919029,0.0193670339616219
177.04101095300638,0.02856626877210138,0.0014661651984893447,0.019490545895475764
177.22447314052243,0.02874669065750162,0.0014781582266623415,0.01961456158934729
177.4079353280385,0.02892783301288992,0.0014902255729326182,0.019739081359366122
177.59139751555455,0.02910969615609731,0.0015023675208042208,0.019864105511867326
177.77485970307063,0.029292280390175084,0.0015145843537841246,0.01998963434335687
177.95832189058672,0.029475586003346942,0.0015268763553756978,0.02011566814047763
178.1417840781028,0.029659613268961438,0.0015392438090721474,0.02024220717997557
178.32524626561886,0.029844362445445215,0.0015516869983499477,0.02036925172866643
178.50870845313491,0.030029833776256593,0.001564206206662254,0.020496802043402644
178.69217064065097,0.03021602748983978,0.0015768017174322938,0.02062485837104069
178.87563282816706,0.030402943799579706,0.0015894738140467435,0.020753420948408822
179.0590950156831,0.03059058290375727,0.0016022227798490924,0.020882490002275073
179.24255720319917,0.030778944985505312,0.001615048898132982,0.02101206574931577
179.42601939071525,0.030968030212765098,0.001627952452135541,0.021142148396084318
179.60948157823134,0.03115783873824331,0.0016409337250306902,0.021272738138980403
179.7929437657474,0.031348370699369695,0.001653992999922444,0.021403835164219526
179.97640595326348,0.03153962621825535,0.0016671305598381907,0.021535439647803044
180.15986814077954,0.03173160540165147,0.0016803466877219585,0.021667551755488478
180.3433303282956,0.03192430834090876,0.001693641666427667,0.021800171642760224
180.52679251581165,0.032117735111937454,0.001707015778712366,0.021933299454800763
180.71025470332773,0.032311885775167956,0.001720469307229456,0.02206693532646212
180.8937168908438,0.03250676037551202,0.001734002534521899,0.02220107938223787
181.0771790783599,0.03270235894232461,0.0017476157430154136,0.022335731736235407
181.26064126587596,0.03289868148936634,0.0017613092150116582,0.022470892492148738
181.44410345339202,0.0330957280147666,0.0017750832326813948,0.022606561743231633
181.62756564090807,0.03329349850098715,0.0017889380780576514,0.022742739572271162
181.81102782842416,0.03349199291478657,0.0018028740330288627,0.022879426051561694
181.99449001594022,0.03369121120718517,0.0018168913793320015,0.023016621242879308
182.17795220345627,0.03389115331343058,0.0018309903985456969,0.02315432519745659
182.36141439097236,0.034091819152964054,0.0018451713720833442,0.023292537955957898
182.54487657848844,0.0342932086293873,0.0018594345811862,0.023431259548455013
182.7283387660045,0.03449532163043005,0.0018737803069164664,0.02357048999440323
182.91180095352058,0.034698158027918286,0.001888208830150367,0.023710229302617923
183.09526314103664,0.034901717677743055,0.0019027204315712105,0.02385047747125147
183.2787253285527,0.03510600041982999,0.0019173153916624424,0.023991234487770657
183.46218751606875,0.035311006078109455,0.001931993990700691,0.02413250032893451
183.64564970358484,0.035516734460487503,0.0019467565087488016,0.024274274960772595
183.8291118911009,0.03572318535881725,0.0019616032256488587,0.024416558338563717
184.01257407861695,0.03593035854887116,0.0019765344210152047,0.024559350406815096
184.19603626613306,0.03613825379031385,0.001991550374227445,0.024702651099241933
184.37949845364912,0.0363468708266757,0.002006651364423447,0.024846460338747548
184.56296064116518,0.036556209385327054,0.002021837670492332,0.024990778037403853
184.74642282868126,0.036766269177453105,0.0020371095710674564,0.025135604096432302
184.92988501619732,0.036977049898029565,0.002052467344519388,0.025280938406185345
185.11334720371337,0.03718855122579891,0.002067911268948873,0.025426780846128306
185.29680939122946,0.03740077282324737,0.002083441622179799,0.025573131284821658
185.48027157874552,0.03761371433658266,0.0020990586817521465,0.025719989579903946
185.6637337662616,0.03782737539571236,0.0021147627249149424,0.025867355578074964
185.84719595377769,0.038041755614222954,0.002130554028619197,0.026015229115079468
186.03065814129374,0.03825685458935972,0.002146432869510845,0.026163610015691473
186.2141203288098,0.03847267190200714,0.002162399523923674,0.026312498093698834
186.39758251632588,0.03868920711667018,0.002178454267872253,0.026461893151888388
186.58104470384194,0.03890645978145616,0.002194597377044854,0.0266117949820316
186.764506891358,0.03912442942805749,0.002210829126796371,0.026762203364870635
186.94796907887405,0.03934311557173492,0.0022271497921412284,0.026913118070104908
187.13143126639017,0.03956251771130166,0.0022435596477462967,0.027064538856378106
187.31489345390622,0.039782635329108196,0.0022600589679237964,0.02721646547126571
187.49835564142228,0.040003467891027725,0.002276648026624201,0.027368897651262974
187.68181782893836,0.040225014846442524,0.002293327097429138,0.02752183512177344
187.86528001645442,0.04044727562823082,0.0023100964535442883,0.02767527759709784
188.04874220397048,0.04067024965275449,0.0023269563677922782,0.027829224780423538
188.23220439148656,0.04089393631984753,0.0023439071126055795,0.027983676363814484
188.41566657900262,0.041118335012805166,0.002360948960019396,0.028138632028201577
188.59912876651867,0.04134344509837373,0.0023780821816645602,0.02829409144337358
188.7825909540348,0.04156926592674134,0.002395307048760422,0.028450054267968494
188.96605314155084,0.04179579683152919,0.0024126238321077395,0.028606520149465443
189.1495153290669,0.042023037129783614,0.0024300328020815665,0.028763488724176965
189.332977516583,0.04225098612196899,0.002447534228624146,0.028920959617241927
189.51643970409904,0.042479643091961214,0.002465128381237801,0.029078932442618822
189.6999018916151,0.042709007307042114,0.0024828155289778235,0.02923740680307963
189.88336407913116,0.04293907801789435,0.00250059594044537,0.02939638229020411
190.06682626664724,0.04316985445859727,0.0025184698837803525,0.029555858484374597
190.25028845416333,0.043401335846623444,0.0025364376266543364,0.02971583495477137
190.43375064167938,0.04363352138283585,0.0025544994362634394,0.029876311259368356
190.61721282919547,0.04386641025148597,0.0025726555793212304,0.030037286944929537
190.80067501671152,0.044100001620212465,0.0025909063220516323,0.030198761547005636
190.98413720422758,0.0443342946400407,0.0026092519301818286,0.030360734589931476
191.16759939174366,0.04456928844538293,0.0026276926689351755,0.03052320558682372
191.35106157925972,0.04480498215403937,0.0026462288030241125,0.030686174039579146
191.53452376677578,0.04504137486719982,0.0026648605966430794,0.03084963943887346
191.7179859542919,0.04527846566944619,0.0026835883134614423,0.031013601264160518
191.90144814180795,0.04551625362875566,0.0027024122166164157,0.031178058983672118
192.084910329324,0.04575473779650468,0.002721332568705997,0.03134301205441826
192.2683725168401,0.04599391720747366,0.002740349631781901,0.03150845992218788
192.45183470435614,0.046233790879852375,0.002759463667342507,0.03167440202155015
192.6352968918722,0.04647435781524621,0.0027786749363258026,0.03184083777585621
192.81875907938826,0.046715616998683034,0.0027979836991023415,0.0320077665972414
193.00222126690434,0.04695756739862094,0.002817390215468206,0.032175187886628064
193.1856834544204,0.04720020796695658,0.0028368947446379736,0.032343101033728706
193.36914564193648,0.04744353763903435,0.0028564975452376956,0.03251150541704979
193.55260782945257,0.047687555333656394,0.002876198875297877,0.032680400403895984
193.73607001696863,0.04793225995309313,0.0028959989922464737,0.03284978535037489
193.91953220448468,0.04817765038309461,0.002915898152901888,0.0330196596014022
194.10299439200077,0.04842372549290278,0.002935896613465979,0.03319002249070752
194.28645657951682,0.04867048413526422,0.0029559946295170817,0.03336087334084052
194.46991876703288,0.04891792514644384,0.0029761924560030304,0.03353221146317768
194.65338095454896,0.049166047346239125,0.002996490347234198,0.03370403615792948
194.83684314206505,0.049414849537995256,0.003016888556876541,0.03387634671414806
195.0203053295811,0.04966433050862098,0.0030373873379446583,0.03404914240973553
195.2037675170972,0.04991448902860507,0.003057986942794854,0.034222422511452515
195.38722970461325,0.050165323852033615,0.003078687623118221,0.034396186274927396
195.5706918921293,0.050416833716608066,0.0030994896299337254,0.03457043294466598
195.75415407964536,0.05066901734366399,0.00312039321358131,0.03474516175406166
195.93761626716145,0.05092187343819047,0.0031413986237150047,0.03492037192540599
196.1210784546775,0.051175400688850306,0.003162506109296054,0.03509606266989986
196.3045406421936,0.051429597768001115,0.003183715918586051,0.035272233187665224
196.48800282970967,0.05168446333171671,0.003205028299140091,0.035448882667757
196.67146501722573,0.05193999601980963,0.0032264434977999287,0.035626010288175754
196.85492720474178,0.05219619445585422,0.0032479617606871606,0.03580361521588081
197.03838939225787,0.05245305724721043,0.003269583333196411,0.035981696606803795
197.22185157977393,0.052710582985048306,0.003291308459988539,0.036160253605862606
197.40531376728998,0.0529687702443733,0.0033131373849838554,0.036339285346976016
197.58877595480607,0.0532276175840522,0.0033350703513553514,0.036518790953078625
197.77223814232212,0.05348712354683973,0.0033571076015219575,0.036698769536136315
197.9557003298382,0.05374728665940608,0.0033792493771417917,0.03687922019716229
198.1391625173543,0.054008105432364784,0.0034014959191054545,0.03706014202623339
198.32262470487035,0.05426957836030177,0.003423847467529309,0.037241534102507114
198.5060868923864,0.054531703921804606,0.0034463042617488026,0.03742339549423887
198.68954907990246,0.05479448057949288,0.0034688665403117837,0.03760572525879997
198.87301126741855,0.05505790678004898,0.003491534540971856,0.0377885224426958
199.0564734549346,0.05532198095424969,0.003514308500681732,0.037971786081584705
199.23993564245066,0.05558670151699857,0.003537188655586619,0.03815551520029721
199.42339782996677,0.05585206686735879,0.003560175241017604,0.03833970881285571
199.60686001748283,0.05611807538858693,0.0035832684914850763,0.03852436592249475
199.7903222049989,0.05638472544816725,0.003606468640672157,0.03870948552168156
199.97378439251497,0.056652015397846714,0.0036297759214281495,0.03889506659213722
200.15724658003103,0.05691994357367075,0.0036531905657620086,0.039081108104858216
200.34070876754708,0.0571885082960195,0.003676712804835832,0.039267609020138386
200.52417095506317,0.05745770786964517,0.003700342868958366,0.039454568287591585
200.70763314257923,0.057727540583709436,0.003724080987578529,0.03964198484617441
200.8910953300953,0.05799800471182208,0.0037479273892789696,0.03982985762420971
201.0745575176114,0.05826909851207995,0.003771882301769623,0.04001818553941034
201.25801970512745,0.05854082022710677,0.0037959459518813097,0.04020696749890355
201.4414818926435,0.058813168084093335,0.0038201185655593385,0.04039620239925549
201.62494408015957,0.05908614029483885,0.0038444003678571393,0.040585889126496646
201.80840626767565,0.05935973505579252,0.003868791582929909,0.04077602655614736
201.9918684551917,0.05963395054809571,0.003893292434028299,0.04096661355324371
202.17533064270776,0.05990878493762527,0.003917903143492096,0.04115764897236425
202.35879283022385,0.060184236375036934,0.0039426239327439465,0.041349131657656794
202.54225501773993,0.06046030299580964,0.003967455022283098,0.04154106044286573
202.725717205256,0.060736982920290596,0.003992396631679157,0.04173343415135998
202.90917939277207,0.061014274253740716,0.004017448979565881,0.04192625159616107
203.09264158028813,0.061292175086380796,0.004042612283634985,0.04211951157997181
203.2761037678042,0.06157068349343832,0.00406788676062997,0.04231321289520536
203.45956595532027,0.06184979753519504,0.004093272626339987,0.042507354324014805
203.64302814283633,0.06212951525703477,0.0041187700955937125,0.0427019346383229
203.82649033035239,0.06240983468949228,0.004144379382253254,0.042896952599852524
204.0099525178685,0.0626907538483025,0.004170100699208085,0.0430924069601574
204.19341470538455,0.06297227073445036,0.004195934258368993,0.043288296460653235
204.3768768929006,0.06325438333422134,0.004221880270662061,0.04348461983264933
204.56033908041667,0.06353708961925258,0.0042479389460226774,0.04368137579738041
204.74380126793275,0.06382038754658455,0.004274110493389556,0.043878563066039274
204.9272634554488,0.06410427505871327,0.004300395120698804,0.044076180339809305
205.11072564296487,0.06438875008364324,0.004326793034877994,0.04427422630989777
205.29418783048095,0.06467381053494099,0.004353304441840287,0.04447269965756946
205.47765001799704,0.06495945431178887,0.004379929546478552,0.044671599054180555
205.6611122055131,0.06524567929903996,0.00440666855265954,0.044870923161213064
205.84457439302918,0.06553248336727305,0.004433521663218069,0.04507067063030957
206.02803658054523,0.06581986437284848,0.004460489079951242,0.04527084010330837
206.2114987680613,0.0661078201579645,0.004487571003612688,0.045471430212279076
206.39496095557737,0.06639634855071398,0.004514767633906841,0.04567243957955833
206.57842314309343,0.06668544736514209,0.004542079169483234,0.04587386681778636
206.7618853306095,0.06697511440130413,0.0045695058079308366,0.04607571052994346
206.94534751812554,0.06726534744532411,0.004597047745772395,0.04627796930938717
207.12880970564166,0.0675561442694538,0.004624705178458839,0.04648064173988951
207.3122718931577,0.06784750263213249,0.00465247830036368,0.046683726395675015
207.49573408067377,0.06813942027804704,0.004680367304777464,0.0468872218414587
207.67919626818986,0.06843189493819248,0.0047083723839022405,0.047091126632484596
207.8626584557059,0.06872492432993343,0.00473649372884607,0.047295439314564716
208.04612064322197,0.0690185061570657,0.004764731529617554,0.047500158424118165
208.22958283073805,0.06931263810987859,0.004793085975120394,0.04770528248821084
208.4130450182541,0.0696073178652176,0.0048215572531479945,0.047910810024595255
208.5965072057702,0.06990254308654782,0.004850145550378074,0.048116739541750934
208.77996939328628,0.07019831142401764,0.004878851052367331,0.04832306953892497
208.96343158080234,0.07049462051452306,0.00490767394354612,0.048529798506173075
209.1468937683184,0.07079146798177235,0.004936614407213176,0.04873692492440074
209.33035595583448,0.0710888514363515,0.004965672625530356,0.04894444726540502
209.51381814335053,0.07138676847578994,0.00499484877951742,0.049152363991916595
209.6972803308666,0.07168521668462659,0.005024143049046838,0.049360673557641815
209.88074251838265,0.07198419363447676,0.00505355561283864,0.04956937440730558
210.06420470589876,0.07228369688409933,0.005083086648455285,0.04977846497669425
210.24766689341482,0.0725837239794642,0.005112736332296571,0.04998794369269879
210.43112908093087,0.0728842724538207,0.005142504839594571,0.05019780897335865
210.61459126844696,0.07318533982776587,0.005172392344408605,0.05040805922790541
210.79805345596301,0.07348692360931372,0.005202399019620254,0.050618692856807236
210.98151564347907,0.07378902129396465,0.005232525036928382,0.05082970825181331
211.16497783099516,0.07409163036477516,0.005262770566844221,0.05104110379599867
211.3484400185112,0.07439474829242847,0.0052931357786864695,0.05125287786380937
211.53190220602727,0.07469837253530516,0.005323620840576429,0.05146502882110798
211.71536439354338,0.07500250053955447,0.005354225919433178,0.05167755502521938
211.89882658105944,0.0753071297391659,0.005384951180968779,0.05189045482497666
212.0822887685755,0.07561225755604117,0.0054157967896835135,0.05210372656076752
212.26575095609158,0.07591788140006703,0.005446762908861163,0.05231736856458099
212.44921314360764,0.0762239986691876,0.00547784970056431,0.052531379160054126
212.6326753311237,0.07653060674947827,0.0055090573256296824,0.05274575666251944
212.81613751863975,0.07683770301521893,0.005540385943663537,0.05296049937905214
212.99959970615583,0.07714528482896829,0.005571835713037062,0.053175605608518084
213.18306189367192,0.0774533495416383,0.005603406790881836,0.053391073641621586
213.366524081188,0.07776189449256896,0.0056350993330853,0.053606901760953826
213.54998626870406,0.07807091700960365,0.005666913494286279,0.05382308824104136
213.73344845622012,0.07838041440916474,0.005698849427870542,0.054039631348394936
213.91691064373617,0.07869038399632947,0.005730907285966379,0.05425652934155848
214.10037283125226,0.07900082306490644,0.005763087219440237,0.05447378047115855
214.28383501876831,0.07931172889751226,0.00579538937789237,0.05469138297995381
214.46729720628437,0.07962309876564863,0.005827813909652549,0.05490933510288486
214.65075939380048,0.07993492992977982,0.005860360961775781,0.05512763506712437
214.83422158131654,0.08024721963941024,0.005893030680038092,0.055346281092127234
215.0176837688326,0.08055996513316274,0.0059258232089323196,0.05556527138968126
215.20114595634868,0.08087316363885719,0.005958738691663968,0.055784604163957974
215.38460814386474,0.08118681237358885,0.005991777270147075,0.05600427761156349
215.5680703313808,0.08150090854380769,0.00602493908500014,0.05622428992158977
215.75153251889685,0.08181544934539793,0.006058224275542066,0.056444639275666286
215.93499470641294,0.08213043196375765,0.006091632979788155,0.056665323848011505
216.118456893929,0.08244585357387875,0.006125165334446141,0.05688634180548484
216.3019190814451,0.08276171134042752,0.006158821474912244,0.057107691307638896
216.48538126896116,0.08307800241782512,0.006192601535267276,0.05732937050677163
216.66884345647722,0.08339472395032858,0.006226505648272785,0.05755137754797901
216.85230564399328,0.08371187307211203,0.006260533945367225,0.05777371056920773
217.03576783150936,0.08402944690734834,0.00629468655666218,0.05799636770130824
217.21923001902542,0.08434744257029068,0.006328963610938607,0.058219347068087755
217.40269220654147,0.08466585716535494,0.0063633652356431345,0.05844264678636378
217.58615439405756,0.08498468778720174,0.006397891556884391,0.058666264966017526
217.76961658157364,0.0853039315208193,0.006432542699429371,0.058890199710047664
217.9530787690897,0.08562358544160623,0.006467318786699828,0.0591144491146243
218.13654095660578,0.0859436466154546,0.006502219940768749,0.05933901126914304
218.32000314412184,0.08626411209883353,0.0065372462823568055,0.05956388425627932
218.5034653316379,0.08658497893887249,0.0065723979308288955,0.059789066152042734
218.68692751915395,0.08690624417344558,0.006607675004190688,0.06001455502583184
218.87038970667004,0.0872279048312553,0.006643077619085237,0.06024034894048884
219.0538518941861,0.08754995793191703,0.006678605890789602,0.060466445952354606
219.2373140817022,0.08787240048604358,0.00671425993321154,0.06069284411132373
219.42077626921827,0.08819522949533001,0.00675003985888621,0.06091954146089997
219.60423845673432,0.08851844195263862,0.006785945778972929,0.061146536038251556
219.78770064425038,0.08884203484208411,0.0068219778032519735,0.06137382587426684
219.97116283176646,0.08916600513911903,0.0068581360401214,0.06160140899361007
220.15462501928252,0.08949034981061937,0.006894420596593924,0.06182928341477724
220.33808720679858,0.08981506581497051,0.00693083157829383,0.0620574471501522
220.52154939431466,0.09014015010215298,0.006967369089453919,0.06228589820606271
220.70501158183075,0.09046559961382893,0.00700403323291251,0.06251463458283694
220.8884737693468,0.09079141128342827,0.007040824110110452,0.0627436542748598
221.0719359568629,0.09111758203623538,0.0070777418210882116,0.06297295527062949
221.25539814437894,0.09144410878947573,0.007114786464482962,0.06320253555281438
221.438860331895,0.0917709884524028,0.007151958137525746,0.0634323930983096
221.62232251941109,0.09209821792638523,0.007189256936038668,0.0636625258782943
221.80578470692714,0.09242579410499382,0.0072266829544321105,0.0638929318582884
221.9892468944432,0.09275371387408902,0.007264236285702002,0.06412360899820997
222.17270908195925,0.0930819741119085,0.0073019170214271385,0.06435455525243257
222.35617126947537,0.09341057168915463,0.007339725251766518,0.06458576856984251
222.53963345699142,0.0937395034690824,0.007377661065456731,0.06481724689389641
222.72309564450748,0.09406876630758723,0.007415724549809393,0.06504898816267887
222.90655783202357,0.09439835705329311,0.007453915790708611,0.06528099030896012
223.09002001953962,0.09472827254764069,0.0074922348726084945,0.06551325126025384
223.27348220705568,0.09505850962497572,0.007530681878530688,0.06574576893887513
223.45694439457176,0.09538906511263726,0.007569256890061986,0.06597854126199836
223.64040658208782,0.09571993583104618,0.007607959987351936,0.06621156614171535
223.8238687696039,0.09605111859379398,0.007646791249110524,0.06644484148509346
224.00733095712,0.0963826102077314,0.0076857507526058785,0.06667836519423394
224.19079314463605,0.09671440747305708,0.007724838573662017,0.06691213516633007
224.3742553321521,0.09704650718340671,0.007764054786656645,0.06714614929372573
224.5577175196682,0.0973789061259418,0.0078033994645189675,0.06738040546397367
224.74117970718424,0.09771160108143889,0.007842872678727585,0.06761490155989418
224.9246418947003,0.09804458882437853,0.007882474499308382,0.06784963545963359
225.10810408221636,0.09837786612303474,0.00792220499483248,0.06808460503672298
225.29156626973247,0.09871142973956404,0.007962064232414256,0.06831980816013686
225.47502845724853,0.09904527643009486,0.008002052277709332,0.0685552426943519
225.65849064476458,0.09937940294481698,0.00804216919491268,0.06879090649940575
225.84195283228067,0.09971380602807099,0.008082415046756723,0.06902679743095597
226.02541501979672,0.1000484824184378,0.008122789894509486,0.06926291334033888
226.20887720731278,0.10038342884882805,0.008163293797972794,0.06949925207462851
226.39233939482887,0.10071864204657177,0.008203926815480498,0.06973581147669553
226.57580158234492,0.10105411873350809,0.008244689003896764,0.06997258938526643
226.75926376986098,0.10138985562607475,0.00828558041861437,0.07020958363498245
226.9427259573771,0.10172584943539782,0.008326601113553076,0.07044679205645873
227.12618814489315,0.10206209686738137,0.008367751141157998,0.07068421247634334
227.3096503324092,0.1023985946227973,0.008409030552398077,0.07092184271737657
227.4931125199253,0.102735339397375,0.008450439396764518,0.0711596805984501
227.67657470744135,0.10307232788189091,0.00849197772226934,0.0713977239346659
227.8600368949574,0.10340955676225849,0.008533645575443897,0.07163597053739572
228.04349908247346,0.10374702271961796,0.008575443001337509,0.07187441821434035
228.22696126998954,0.10408472243042581,0.008617370043516084,0.07211306476958858
228.41042345750563,0.1044226525665447,0.008659426744060781,0.07235190800367652
228.5938856450217,0.10476080979533317,0.00870161314356676,0.07259094571364706
228.77734783253777,0.10509919077973533,0.008743929281141904,0.07283017569310882
228.96081002005383,0.10543779217837028,0.008786375194405654,0.07306959573229542
229.14427220756988,0.1057766106456223,0.008828950919487806,0.07330920361812503
229.32773439508597,0.10611564283172989,0.008871656491027424,0.0735489971342592
229.51119658260203,0.10645488538287573,0.008914491942171742,0.07378897406116228
229.69465877011808,0.10679433494127603,0.00895745730457512,0.0740291321761606
229.8781209576342,0.10713398814527005,0.009000552608398054,0.07426946925350159
230.06158314515025,0.1074738416294098,0.009043777882306201,0.0745099830644132
230.2450453326663,0.10781389202454901,0.00908713315346946,0.07475067137716267
230.4285075201824,0.10815413595793291,0.009130618447561096,0.07499153195711601
230.61196970769845,0.10849457005328718,0.009174233788756899,0.07523256256679686
230.7954318952145,0.10883519093090743,0.009217979199734366,0.07547376096594577
230.97889408273056,0.1091759952077482,0.009261854701671955,0.07571512491157906
231.16235627024665,0.1095169794975122,0.009305860314248352,0.07595665215804798
231.3458184577627,0.10985814041073913,0.009349996055641796,0.07619834045709761
231.5292806452788,0.11019947455489476,0.009394261942529425,0.07644018755792578
231.71274283279487,0.11054097853445984,0.009438657990086679,0.07668219120724208
231.89620502031093,0.1108826489510186,0.009483184211986725,0.07692434914932653
232.079667207827,0.11122448240334785,0.00952784062039995,0.07716665912608858
232.26312939534307,0.11156647548750523,0.009572627225993448,0.07740911887712579
232.44659158285913,0.1119086247969178,0.009617544037930602,0.07765172613978244
232.63005377037518,0.11225092692247045,0.009662591063870653,0.07789447864920837
232.81351595789127,0.11259337845259412,0.009707768309968346,0.07813737413841734
232.99697814540735,0.11293597597335418,0.00975307578087359,0.07838041033834586
233.1804403329234,0.11327871606853805,0.009798513479731175,0.07862358497791128
233.3639025204395,0.11362159531974367,0.009844081408180515,0.07886689578407056
233.54736470795555,0.11396461030646712,0.009889779566355441,0.07911034048187857
233.7308268954716,0.11430775760619001,0.009935607952884017,0.07935391679454594
233.91428908298766,0.11465103379446766,0.009981566564888413,0.07959762244349791
234.09775127050375,0.11499443544501606,0.01002765539798481,0.07984145514843201
234.2812134580198,0.1153379591297993,0.010073874446283337,0.08008541262737615
234.4646756455359,0.11568160141911692,0.010120223702388048,0.0803294925967468
234.64813783305198,0.11602535888169072,0.01016670315739695,0.0805736927714067
234.83160002056803,0.11636922808475184,0.010213312800902055,0.08081801086472279
235.0150622080841,0.11671320559412723,0.01026005262098947,0.08106244458862377
235.19852439560017,0.11705728797432655,0.01030692260423954,0.08130699165365789
235.38198658311623,0.1174014717886284,0.010353922735727019,0.08155164976905044
235.5654487706323,0.11774575359916672,0.010401052999021266,0.08179641664276124
235.74891095814837,0.1180901299670168,0.010448313376186512,0.08204128998154187
235.93237314566443,0.11843459745228124,0.010495703847782135,0.08228626749099312
236.1158353331805,0.11877915261417593,0.010543224392862972,0.08253134687562207
236.2992975206966,0.11912379201111531,0.0105908749889797,0.08277652583889904
236.48275970821265,0.11946851220079802,0.01063865561217923,0.08302180208331464
236.6662218957287,0.11981330974029217,0.010686566237005122,0.08326717331043673
236.84968408324477,0.12015818118612054,0.01073460683649809,0.08351263722096706
237.03314627076085,0.12050312309434501,0.01078277738219648,0.08375819151479777
237.2166084582769,0.12084813202065181,0.010831077844136838,0.08400383389106816
237.40007064579297,0.12119320452043567,0.010879508190854493,0.08424956204822096
237.58353283330908,0.12153833714888429,0.010928068389384166,0.08449537368405859
237.76699502082514,0.12188352646106251,0.01097675840526063,0.08474126649579947
237.9504572083412,0.12222876901199616,0.011025578202519426,0.08498723818013396
238.13391939585728,0.1225740613567557,0.011074527743697563,0.08523328643328029
238.31738158337333,0.12291940005053996,0.011123606989834299,0.08547940895104043
238.5008437708894,0.12326478164875929,0.011172815900471953,0.08572560342885577
238.68430595840547,0.12361020270711867,0.01122215443365674,0.08597186756186255
238.86776814592153,0.12395565978170062,0.011271622545939636,0.08621819904494743
239.05123033343762,0.12430114942904794,0.01132122019237731,0.08646459557280271
239.2346925209537,0.12464666820624595,0.011370947326533055,0.08671105483998146
239.41815470846976,0.12499221267100509,0.011420803900477785,0.08695757454095268
239.6016168959858,0.12533777938174256,0.01147078986479104,0.08720415237015597
239.78507908350187,0.12568336489766418,0.011520905168562062,0.08745078602205639
239.96854127101795,0.12602896577884604,0.011571149759390867,0.08769747319119905
240.152003458534,0.12637457858631568,0.01162152358338938,0.08794421157226355
240.33546564605007,0.12672019988213337,0.011672026585182595,0.08819099886011837
240.51892783356615,0.12706582622947274,0.011722658707909783,0.08843783274987498
240.70239002108224,0.12741145419270133,0.011773419893225692,0.08868471093694165
240.8858522085983,0.1277570803374612,0.011824310081301847,0.08893163111707768
241.06931439611438,0.1281027012307487,0.011875329210827837,0.0891785909864469
241.25277658363044,0.1284483134409949,0.011926477219012644,0.08942558824167138
241.4362387711465,0.1287939135381443,0.01197775404158603,0.08967262057988445
241.61970095866258,0.1291394980937349,0.012029159612799923,0.08991968569878442
241.80316314617863,0.12948506368097712,0.012080693865429872,0.09016678129668743
241.9866253336947,0.1298306068748325,0.01213235673077651,0.09041390507258035
242.1700875212108,0.13017612425209227,0.012184148138667063,0.0906610547261736
242.35354970872686,0.13052161239145593,0.01223606801745689,0.09090822795795382
242.53701189624292,0.130867067873609,0.012288116294031048,0.0911554224692362
242.72047408375897,0.1312124872813008,0.012340292893805931,0.09140263596221669
242.90393627127506,0.1315578671994222,0.012392597740730869,0.09164986614002432
243.0873984587911,0.13190320421508264,0.012445030757289836,0.09189711070677292
243.27086064630717,0.13224849491768703,0.01249759186450314,0.09214436736761286
243.45432283382326,0.13259373589901272,0.012550280981929163,0.09239163382878288
243.63778502133934,0.13293892375328553,0.012603098027666144,0.09263890779766118
243.8212472088554,0.13328405507725627,0.012656042918353979,0.09288618698281695
244.00470939637148,0.13362912647027608,0.012709115569176069,0.09313346909406109
244.18817158388754,0.1339741345343725,0.012762315893861165,0.09338075184249746
244.3716337714036,0.13431907587432437,0.012815643804685306,0.09362803294057323
244.55509595891968,0.13466394709773694,0.012869099212473731,0.09387531010212968
244.73855814643574,0.13500874481511643,0.012922682026602853,0.09412258104245222
244.9220203339518,0.1353534656399446,0.01297639215500226,0.09436984347832085
245.10548252146785,0.13569810618875272,0.013030229504156745,0.09461709512805985
245.28894470898396,0.13604266308119534,0.013084193979108368,0.09486433371158781
245.47240689650002,0.13638713294012378,0.013138285483458547,0.09511155695046683
245.65586908401608,0.13673151239165948,0.01319250391937019,0.09535876256795235
245.83933127153216,0.13707579806526657,0.013246849187569854,0.09560594828904205
246.02279345904822,0.13741998659382487,0.013301321187349908,0.095853111840525
246.20625564656427,0.13776407461370174,0.013355919816570791,0.09610025095103035
246.38971783408036,0.1381080587648243,0.013410644971663227,0.09634736335107603
246.57318002159641,0.138451935690751,0.013465496547630518,0.09659444677311718
246.7566422091125,0.13879570203874303,0.013520474438050855,0.09684149895159436
246.94010439662858,0.13913935445983514,0.013575578535079656,0.0970885176229814
247.12356658414464,0.13948288960890665,0.013630808729451927,0.09733550052583359
247.3070287716607,0.13982630414475158,0.013686164910484678,0.09758244540083498
247.49049095917678,0.14016959473014895,0.013741646966079346,0.09782934999084589
247.67395314669284,0.1405127580319323,0.01379725478272425,0.0980762120409502
247.8574153342089,0.1408557907210593,0.013852988245497078,0.09832302929850231
248.04087752172495,0.14119868947268066,0.013908847238067415,0.09856979951317382
248.22433970924106,0.14154145096620935,0.013964831642699285,0.09881652043700051
248.40780189675712,0.1418840718853884,0.014020941340253714,0.0990631898244282
248.59126408427318,0.14222654891835956,0.01407717621019137,0.09930980543235939
248.77472627178926,0.14256887875773086,0.014133536130575153,0.09955636502019889
248.95818845930532,0.14291105810064408,0.014190020978072884,0.0998028663498999
249.14165064682138,0.14325308364884198,0.014246630627959982,0.10004930718600931
249.32511283433746,0.14359495210873505,0.014303364954122206,0.1002956852957132
249.50857502185352,0.14393666019146795,0.014360223829058355,0.10054199844888181
249.69203720936957,0.14427820461298557,0.014417207123883094,0.10078824441811454
249.8754993968857,0.144619582094099,0.014474314708329727,0.10103442097878472
250.05896158440174,0.1449607893605508,0.014531546450753035,0.10128052590908396
250.2424237719178,0.14530182314308027,0.014588902218132119,0.10152655699006645
250.42588595943388,0.14564268017748808,0.014646381876073302,0.10177251200569304
250.60934814694994,0.14598335720470063,0.014703985288813027,0.10201838874287487
250.792810334466,0.1463238509708345,0.014761712319220795,0.10226418499151749
250.97627252198205,0.14666415822725973,0.014819562828802155,0.1025098985445635
251.15973470949814,0.14700427573066338,0.014877536677701652,0.10275552719803624
251.34319689701422,0.14734420024311273,0.014935633724705872,0.10300106875108275
251.5266590845303,0.1476839285321177,0.01499385382724647,0.10324652100601603
251.71012127204636,0.14802345737069342,0.015052196841403276,0.10349188176835804
251.89358345956242,0.14836278353742222,0.015110662621907332,0.10373714884688172
252.07704564707848,0.14870190381651496,0.015169251022144056,0.10398232005365302
252.26050783459456,0.1490408149978726,0.015227961894156376,0.10422739320407268
252.44397002211062,0.1493795138771472,0.0152867950886479,0.10447236611691808
252.62743220962668,0.14971799725580232,0.015345750454986115,0.10471723661438434
252.8108943971428,0.15005626194117314,0.015404827841205606,0.10496200252212547
252.99435658465885,0.15039430474652662,0.015464027094011299,0.10520666166929538
253.1778187721749,0.1507321224911208,0.01552334805878176,0.10545121188858853
253.361280959691,0.15106971200026414,0.015582790579572441,0.10569565101628035
253.54474314720704,0.15140707010537402,0.01564235449911905,0.1059399768922675
253.7282053347231,0.1517441936440355,0.01570203965884085,0.10618418736010778
253.91166752223916,0.15208107946005905,0.015761845898844076,0.10642828026705989
254.09512970975524,0.15241772440353862,0.015821773057925283,0.10667225346412301
254.2785918972713,0.15275412533090874,0.01588182097357479,0.10691610480607608
254.4620540847874,0.15309027910500156,0.01594198948198011,0.10715983215151677
254.64551627230347,0.1534261825951036,0.0160022784180294,0.10740343336290045
254.82897845981952,0.1537618326770118,0.016062687615314975,0.10764690630657865
255.01244064733558,0.15409722623308947,0.016123216906136786,0.10789024885283738
255.19590283485167,0.15443236015232203,0.01618386612150597,0.10813345887593535
255.37936502236772,0.15476723133037182,0.01624463509114841,0.10837653425414184
255.56282720988378,0.15510183666963331,0.01630552364350828,0.10861947286977432
255.74628939739986,0.15543617307928717,0.01636653160575169,0.10886227260923584
255.92975158491595,0.15577023747535437,0.016427658803770253,0.10910493136305215
256.113213772432,0.15610402678075003,0.016488905062184773,0.10934744702590864
256.29667595994806,0.1564375379253367,0.016550270204348884,0.10958981749668724
256.4801381474641,0.15677076784597743,0.016611754052352753,0.10983204067850261
256.66360033498023,0.15710371348658805,0.01667335642702677,0.11007411447873852
256.8470625224963,0.15743637179818945,0.01673507714794529,0.11031603680908367
257.03052471001234,0.15776873973895983,0.016796916033430365,0.11055780558556758
257.2139868975284,0.15810081427428563,0.016858872900555544,0.11079941872859611
257.3974490850445,0.15843259237681293,0.016920947565149634,0.11104087416298651
257.58091127256057,0.15876407102649825,0.016983139841800523,0.11128216981800272
257.7643734600766,0.15909524721065868,0.017045449543859024,0.11152330362738985
257.9478356475927,0.15942611792402184,0.017107876483442704,0.11176427352940888
258.13129783510874,0.1597566801687759,0.01717042047143976,0.11200507746687098
258.31476002262485,0.1600869309546183,0.01723308131751295,0.1122457133871716
258.4982222101409,0.16041686729880505,0.017295858830103452,0.1124861792423241
258.68168439765697,0.16074648622619894,0.017358752816434817,0.11272647298899338
258.865146585173,0.16107578476931778,0.017421763082516924,0.1129665925885294
259.04860877268914,0.16140475996838205,0.017484889433149943,0.11320653600699997
259.2320709602052,0.1617334088713625,0.01754813167192832,0.11344630121522388
259.41553314772125,0.16206172853402695,0.017611489601244795,0.1136858861888033
259.5989953352373,0.1623897160199868,0.017674963022294418,0.11392528890815612
259.78245752275336,0.1627173684007437,0.017738551735078593,0.1141645073585483
259.9659197102694,0.16304468275573505,0.017802255538409157,0.11440353953012553
260.14938189778553,0.16337165617237961,0.017866074229912435,0.11464238341794486
260.3328440853016,0.16369828574612272,0.01793000760603336,0.11488103702200629
260.51630627281764,0.16402456858048073,0.017994055462039582,0.11511949834728356
260.69976846033376,0.1643505017870859,0.018058217592025586,0.11535776540375549
260.8832306478498,0.16467608248573,0.018122493788916862,0.11559583620643624
261.06669283536587,0.16500130780440808,0.018186883844474092,0.11583370877540591
261.2501550228819,0.16532617487936171,0.018251387549297275,0.11607138113584085
261.433617210398,0.16565068085512186,0.01831600469282998,0.11630885131804328
261.61707939791404,0.16597482288455126,0.018380735063363567,0.11654611735747103
261.8005415854301,0.16629859812888687,0.018445578448041393,0.11678317729476731
261.9840037729462,0.16662200375778144,0.018510534632863063,0.1170200291757896
262.16746596046227,0.16694503694934462,0.018575603402688736,0.11725667105163844
262.3509281479783,0.16726769489018445,0.018640784541243367,0.11749310097868663
262.53439033549444,0.16758997477544765,0.018706077831121038,0.1177293170186073
262.7178525230105,0.16791187380886025,0.018771483053789246,0.11796531723840234
262.90131471052655,0.16823338920276681,0.018836999989593258,0.11820109971043018
263.0847768980426,0.16855451817817066,0.018902628417760445,0.1184366625124337
263.26823908555866,0.16887525796477262,0.018968368116404635,0.11867200372756773
263.4517012730747,0.1691956058010099,0.01903421886253051,0.11890712144442613
263.63516346059083,0.16951555893409437,0.01910018043203798,0.11914201375706893
263.8186256481069,0.1698351146200508,0.0191662525997266,0.1193766787650491
264.00208783562294,0.17015427012375428,0.01923243513929997,0.11961111457343898
264.18555002313906,0.17047302271896767,0.019298727823370204,0.11984531929285665
264.3690122106551,0.17079136968837832,0.01936513042346234,0.12007929103949186
264.55247439817117,0.1711093083236348,0.019431642710018827,0.12031302793513195
264.7359365856872,0.17142683592538283,0.019498264452403997,0.12054652810718718
264.9193987732033,0.1717439498033014,0.01956499541890855,0.12077978968871642
265.1028609607194,0.1720606472761379,0.019631835376754055,0.12101281081845183
265.28632314823545,0.17237692567174318,0.019698784092097483,0.12124558964082381
265.4697853357515,0.17269278232710644,0.019765841330035703,0.12147812430598574
265.65324752326757,0.1730082145883894,0.01983300685461006,0.12171041296983812
265.8367097107836,0.17332321981096027,0.019900280428810913,0.12194245379405277
266.02017189829974,0.17363779535942708,0.0199676618145822,0.12217424494609652
266.2036340858158,0.1739519386076714,0.020035150772826034,0.12240578459925515
266.38709627333185,0.17426564693888083,0.020102747063407263,0.1226370709326565
266.57055846084796,0.17457891774558157,0.020170450445158115,0.12286810213129382
266.754020648364,0.17489174842967034,0.020238260675882778,0.12309887638604841
266.9374828358801,0.1752041364024464,0.020306177512362054,0.12332939189371239
267.12094502339613,0.1755160790846427,0.020374200710357993,0.1235596468570113
267.3044072109122,0.17582757390645704,0.020442330024618524,0.12378963948462596
267.48786939842824,0.17613861830758265,0.020510565208882153,0.12401936799121471
267.6713315859443,0.17644920973723843,0.02057890601588259,0.1242488305974349
267.8547937734604,0.17675934565419904,0.02064735219735348,0.12447802552996454
268.03825596097647,0.1770690235268242,0.020715903504033073,0.12470695102152332
268.2217181484925,0.177378240833088,0.020784559685668922,0.12493560531089379
268.40518033600864,0.17768699506060787,0.020853320491022623,0.12516398664294198
268.5886425235247,0.1779952837066728,0.020922185667874512,0.12539209326863804
268.77210471104075,0.17830310427827167,0.020991154963028433,0.12561992344507644
268.9555668985568,0.17861045429212075,0.021060228122316456,0.125847475435496
269.13902908607287,0.17891733127469142,0.021129404890603658,0.12607474750929976
269.3224912735889,0.17922373276223694,0.021198685011792846,0.1263017379420745
269.50595346110504,0.17952965630081913,0.021268068228829394,0.12652844501561017
269.6894156486211,0.1798350994463349,0.021337554283705977,0.12675486701791894
269.87287783613715,0.18014005976454217,0.021407142917467377,0.126981002243254
270.05634002365326,0.18044453483108508,0.021476833870215303,0.12720684899212836
270.2398022111693,0.18074852223151988,0.021546626881113168,0.12743240557133312
270.4232643986854,0.18105201956133937,0.021616521688390948,0.12765767029395572
270.60672658620143,0.18135502442599755,0.021686518029349962,0.12788264147939782
270.7901887737175,0.18165753444093383,0.02175661564036777,0.1281073174533931
270.97365096123355,0.181959547231597,0.021826814256902954,0.12833169654802462
271.15711314874966,0.1822610604334686,0.021897113613500017,0.1285557771017423
271.3405753362657,0.18256207169208596,0.021967513443794225,0.12877955745937958
271.5240375237818,0.18286257866306527,0.02203801348051645,0.12900303597217055
271.7074997112978,0.18316257901212368,0.0221086134554981,0.12922621099776627
271.89096189881394,0.1834620704151017,0.022179313099675975,0.12944908090025128
272.07442408633,0.18376105055798475,0.022250112143097127,0.12967164405015957
272.25788627384605,0.18405951713692464,0.022321010314923794,0.12989389882449048
272.4413484613621,0.1843574678582608,0.0223920073434383,0.1301158436067246
272.62481064887817,0.18465490043854052,0.022463102956047958,0.13033747678683855
272.8082728363943,0.18495181260453988,0.02253429687928998,0.130558796761321
272.99173502391034,0.18524820209328346,0.02260558883883641,0.13077980193318708
273.1751972114264,0.18554406665206405,0.022676978559499066,0.13100049071199324
273.35865939894245,0.18583940403846202,0.022748465765234434,0.13122086151385187
273.5421215864585,0.18613421202036445,0.022820050179148663,0.1314409127614455
273.7255837739746,0.18642848837598364,0.022891731523502466,0.13166064288404106
273.9090459614907,0.18672223089387552,0.022963509519716117,0.13188005031750338
274.09250814900673,0.1870154373729575,0.02303538388837438,0.13209913350430907
274.27597033652285,0.1873081056225265,0.023107354349231467,0.13231789089356005
274.4594325240389,0.1876002334622758,0.02317942062121603,0.13253632094099635
274.64289471155496,0.18789181872231234,0.02325158242243611,0.13275442210900942
274.826356899071,0.1881828592431733,0.02332383947018416,0.13297219286665474
275.0098190865871,0.1884733528758425,0.023396191480941974,0.13318963168966433
275.19328127410313,0.18876329748176618,0.023468638170385726,0.13340673706045914
275.37674346161924,0.1890526909328688,0.023541179253390925,0.13362350746816098
275.5602056491353,0.1893415311115685,0.023613814444037422,0.1338399414086046
275.74366783665135,0.18962981591079198,0.02368654345561441,0.1340560373843493
275.92713002416747,0.189917543233989,0.023759366000625465,0.13427179390469016
276.1105922116835,0.19020471099514707,0.02383228179079349,0.1344872094856695
276.2940543991996,0.1904913171188053,0.02390529053706579,0.13470228265008777
276.47751658671564,0.19077735954006816,0.02397839194961906,0.13491701192751457
276.6609787742317,0.19106283620461884,0.02405158573786438,0.13513139585429884
276.84444096174775,0.19134774506873228,0.024124871610452306,0.13534543297357965
277.0279031492638,0.1916320840992879,0.024198249275277826,0.13555912183529586
277.2113653367799,0.19191585127378222,0.024271718439485425,0.13577246099619666
277.394827524296,0.19219904458034057,0.024345278809474128,0.1359854490198508
277.57828971181203,0.19248166201772948,0.024418930090902492,0.13619808447665646
277.76175189932815,0.19276370159536743,0.02449267198869371,0.13641036594385036
277.9452140868442,0.1930451613333366,0.02456650420704057,0.13662229200551698
278.12867627436026,0.19332603926239333,0.024640426449410564,0.13683386125259736
278.3121384618763,0.19360633342397895,0.0247144384185509,0.13704507228289783
278.4956006493924,0.19388604187022962,0.024788539816493562,0.13725592370109857
278.67906283690843,0.19416516266398678,0.02486273034456035,0.1374664141187619
278.86252502442454,0.1944436938788061,0.024937009703367933,0.13767654215434008
279.0459872119406,0.19472163359896738,0.025011377592832895,0.13788630643318364
279.22944939945666,0.19499897991948298,0.02508583371217682,0.13809570558754855
279.4129115869727,0.195275730946107,0.02516037775993129,0.13830473825660414
279.5963737744888,0.19555188479534347,0.02523500943394299,0.1385134030864401
279.7798359620049,0.19582743959445398,0.02530972843137875,0.13872169873007348
279.96329814952094,0.19610239348146635,0.025384534448730577,0.13892962384745575
280.146760337037,0.19637674460518115,0.02545942718182076,0.1391371771054794
280.3302225245531,0.19665049112517957,0.025534406325806898,0.13934435717798432
280.51368471206916,0.19692363121182987,0.02560947157518696,0.13955116274576407
280.6971468995852,0.19719616304629423,0.025684622623804377,0.13975759249657213
280.8806090871013,0.19746808482053466,0.02575985916485307,0.13996364512512743
281.06407127461733,0.19773939473731936,0.025835180890882502,0.1401693193331203
281.24753346213345,0.19801009101022823,0.02591058749380276,0.14037461382921787
281.4309956496495,0.19828017186365834,0.025986078664889646,0.1405795273290694
281.61445783716556,0.1985496355328287,0.02606165409478966,0.1407840585553111
281.7979200246816,0.1988184802637855,0.02613731347352512,0.14098820623757133
281.98138221219773,0.1990867043134066,0.02621305649049922,0.14119196911247528
282.1648443997138,0.19935430594940537,0.026288882834501072,0.1413953459236493
282.34830658722984,0.19962128345033486,0.02636479219371074,0.14159833542172523
282.5317687747459,0.19988763510559185,0.026440784255704324,0.14180093636434477
282.71523096226196,0.20015335921541938,0.02651685870745906,0.1420031475161631
282.898693149778,0.2004184540909107,0.026593015235358303,0.14220496764885296
283.0821553372941,0.20068291805401142,0.026669253525196595,0.14240639554110784
283.2656175248102,0.2009467494375225,0.02674557326218475,0.14260742997864567
283.44907971232624,0.20120994658510222,0.026821974130954884,0.1428080697542118
283.63254189984235,0.20147250785126833,0.026898455815565464,0.1430083136675822
283.8160040873584,0.20173443160139964,0.026975017999506374,0.14320816052556617
283.99946627487446,0.20199571621173734,0.027051660365703917,0.1434076091420088
284.1829284623905,0.2022563600693866,0.02712838259652591,0.14360665833779382
284.3663906499066,0.20251636157231673,0.02720518437378669,0.14380530694084542
284.54985283742263,0.20277571912936226,0.027282065378752184,0.1440035537861307
284.7333150249387,0.2030344311602234,0.02735902529214493,0.14420139771566143
284.9167772124548,0.2032924960954659,0.02743606379414908,0.1443988375784959
285.10023939997086,0.20354991237652054,0.02751318056441549,0.14459587223074016
285.2837015874869,0.20380667845568318,0.027590375282066724,0.14479250053554965
285.46716377500303,0.2040627927961137,0.02766764762570207,0.14498872136313046
285.6506259625191,0.20431825387183533,0.027744997273402582,0.14518453359074018
285.83408815003514,0.20457306016773277,0.027822423902736086,0.1453799361026886
286.0175503375512,0.20482721017955147,0.02789992719076221,0.14557492779033887
286.20101252506726,0.20508070241389506,0.02797750681403737,0.14576950755210744
286.38447471258337,0.20533353538822396,0.02805516244861985,0.14596367429346477
286.5679369000994,0.20558570763085277,0.028132893770074725,0.14615742692693537
286.7513990876155,0.2058372176809476,0.02821070045347891,0.14635076437209754
286.93486127513154,0.20608806408852373,0.02828858217342616,0.14654368555558378
287.11832346264765,0.206338245414442,0.028366538604032078,0.14673618941107963
287.3017856501637,0.20658776023040576,0.028444569418939053,0.1469282748793238
287.48524783767976,0.20683660711895727,0.028522674291321316,0.14711994090810704
287.6687100251958,0.20708478467347416,0.02860085289388986,0.14731118645227165
287.8521722127119,0.20733229149816457,0.028679104898897512,0.14750201047371
288.035634400228,0.20757912620806404,0.02875742997814379,0.14769241194136387
288.21909658774405,0.20782528742902992,0.02883582780297998,0.1478823898312226
288.4025587752601,0.20807077379773697,0.028914298044314023,0.14807194312632171
288.58602096277616,0.2083155839616723,0.02899284037261555,0.1482610708167414
288.7694831502922,0.20855971657913047,0.029071454457920764,0.14844977189960468
288.95294533780833,0.20880317031920703,0.02915013996983746,0.14863804537907488
289.1364075253244,0.20904594386179381,0.029228896577549922,0.14882589026635412
289.31986971284044,0.2092880358975721,0.029307723949823915,0.14901330557968062
289.50333190035656,0.20952944512800714,0.029386621755011576,0.14920029034432625
289.6867940878726,0.2097701702653409,0.029465589661056352,0.14938684359259394
289.87025627538867,0.2100102100325861,0.029544627335497963,0.1495729643638149
290.0537184629047,0.21024956316351875,0.029623734445477286,0.14975865170434552
290.2371806504208,0.21048822840267106,0.029702910657741284,0.1499439046675643
290.42064283793684,0.2107262045053246,0.029782155638647927,0.15012872231386887
290.6041050254529,0.21096349023750188,0.02986146905417108,0.15031310371067202
290.787567212969,0.2112000843759591,0.0299408505699054,0.15049704793239868
290.97102940048507,0.21143598570817765,0.03002029985107124,0.1506805540604817
291.1544915880012,0.2116711930323564,0.03009981656251954,0.1508636211833584
291.33795377551724,0.2119057051574023,0.030179400368736682,0.15104624839646616
291.5214159630333,0.2121395209029226,0.03025905093384939,0.15122843480223863
291.70487815054935,0.21237263909921525,0.030338767921629567,0.151410179510101
291.8883403380654,0.21260505858726014,0.03041855099549922,0.1515914816364659
292.07180252558146,0.21283677821870928,0.03049839981853523,0.15177234030472858
292.2552647130975,0.21306779685587734,0.030578314053474255,0.15195275464526203
292.43872690061363,0.21329811337173213,0.03065829336271756,0.15213272379541226
292.6221890881297,0.21352772664988437,0.03073833740833586,0.15231224689949335
292.80565127564574,0.21375663558457716,0.030818445852074116,0.15249132310878194
292.98911346316186,0.21398483908067606,0.030898618355356365,0.15266995158151214
293.1725756506779,0.21421233605365791,0.030978854579290598,0.1528481314828699
293.35603783819397,0.2144391254296004,0.031059154184673466,0.15302586198498752
293.53950002571,0.2146652061451706,0.03113951683199514,0.15320314226693763
293.72296221322614,0.21489057714761378,0.03121994218144409,0.1533799715147276
293.90642440074214,0.21511523739474256,0.031300429892911874,0.1535563489212936
294.08988658825825,0.2153391858549239,0.03138097962599792,0.15373227368649373
294.2733487757743,0.2155624215070684,0.03146159104001427,0.15390774501710253
294.45681096329037,0.2157849433406179,0.03154226379399034,0.15408276212680416
294.6402731508064,0.21600675035553282,0.0316229975466777,0.1542573242361858
294.82373533832254,0.2162278415622801,0.03170379195655487,0.15443143057273084
295.0071975258386,0.21644821598182004,0.03178464668183194,0.1546050803708124
295.19065971335465,0.21666787264559417,0.031865561380455334,0.15477827287168594
295.37412190087076,0.2168868105955116,0.03194653571011264,0.15495100732348258
295.55758408838676,0.21710502888393585,0.03202756932823718,0.1551232829812014
295.7410462759029,0.2173225265736713,0.032108661892012794,0.15529509910670222
295.9245084634189,0.21753930273795027,0.03218981305837852,0.1554664549686986
296.107970650935,0.21775535646041808,0.03227102248403331,0.1556373498427493
296.29143283845104,0.21797068683511983,0.03235228982544065,0.15580778301125126
296.47489502596716,0.21818529296648626,0.03243361473883328,0.15597775376343165
296.6583572134832,0.2183991739693183,0.03251499688021785,0.15614726139533913
296.84181940099927,0.21861232896877433,0.03259643590537957,0.15631630520983705
297.0252815885154,0.2188247571003538,0.03267793146988683,0.15648488451659395
297.2087437760314,0.21903645750988288,0.032759483229095894,0.15665299863207577
297.3922059635475,0.21924742935349983,0.03284109083815549,0.1568206468795374
297.5756681510635,0.2194576717976387,0.03292275395201143,0.15698782858901378
297.7591303385796,0.2196671840190152,0.03300447222541122,0.15715454309731156
297.9425925260957,0.2198759652046099,0.03308624531290866,0.15732078974799987
298.1260547136117,0.22008401455165272,0.03316807286886846,0.15748656789140142
298.30951690112784,0.22029133126760772,0.03324995454747083,0.1576518768845837
298.4929790886439,0.220497914570156,0.03333189000271596,0.15781671609134956
298.67644127615995,0.22070376368717964,0.033413878888428714,0.1579810848822276
298.859903463676,0.22090887785674562,0.03349592085826308,0.1581449826344634
299.0433656511921,0.2211132563270887,0.033578015565706776,0.15830840873200944
299.2268278387081,0.22131689835659518,0.033660162664085766,0.15847136256551575
299.41029002622423,0.22151980321378512,0.033742361806568796,0.15863384353231982
299.59375221374034,0.22172197017729595,0.033824612646171856,0.15879585103643706
299.77721440125634,0.2219233985358647,0.033906914835762775,0.1589573844885506
299.96067658877246,0.22212408758831098,0.03398926802806564,0.15911844330600122
300.1441387762885,0.2223240366435189,0.03407167187566533,0.15927902691277718
300.32760096380457,0.2225232450204196,0.03415412603101194,0.15943913473950383
300.5110631513206,0.2227217120479732,0.03423663014642534,0.15959876622343336
300.69452533883674,0.22291943706515105,0.03431918387409952,0.15975792080843407
300.87798752635274,0.2231164194209168,0.0344017868661071,0.15991659794497975
301.06144971386885,0.22331265847420867,0.03448443877440374,0.16007479709013905
301.24491190138497,0.22350815359392068,0.03456713925083261,0.16023251770756458
301.42837408890097,0.22370290415888405,0.034649887947128734,0.160389759267482
301.6118362764171,0.22389690955784794,0.03473268451492345,0.16054652124667873
301.79529846393314,0.2240901691894611,0.03481552860574878,0.16070280312849322
301.9787606514492,0.22428268246225253,0.0348984198710418,0.16085860440280345
302.16222283896525,0.22447444879461212,0.034981357962149066,0.16101392456601563
302.34568502648136,0.22466546761477096,0.0350643425303309,0.1611687631210525
302.5291472139974,0.22485573836078246,0.035147373226765796,0.1613231195773422
302.7126094015135,0.22504526048050222,0.03523044970255472,0.1614769934508065
302.8960715890296,0.22523403343156825,0.035313571608725516,0.16163038426384896
303.0795337765456,0.2254220566813807,0.03539673859623713,0.16178329154534282
303.2629959640617,0.22560932970708256,0.03547995031598395,0.1619357148306198
303.4464581515777,0.2257958519955387,0.035563206418800106,0.16208765366145744
303.6299203390938,0.22598162304331573,0.035646506555463794,0.16223910758606724
303.81338252660987,0.22616664235666142,0.0357298503767015,0.16239007615908238
303.9968447141259,0.22635090945148426,0.035813237533192266,0.16254055894154545
304.18030690164204,0.22653442385333245,0.035896667675571946,0.16269055550089603
304.3637690891581,0.22671718509737332,0.03598014045443749,0.16284006541095847
304.54723127667415,0.2268991927283716,0.036063655520351075,0.16298908825192862
304.7306934641902,0.22708044630066934,0.03614721252384445,0.16313762361036205
304.9141556517063,0.22726094537816371,0.036230811115423034,0.1632856710791608
305.0976178392223,0.22744068953428584,0.03631445094557015,0.16343323025756046
305.28108002673844,0.22761967835197972,0.03639813166475123,0.16358030075111762
305.4645422142545,0.22779791142367983,0.03648185292341797,0.16372688217169662
305.64800440177055,0.22797538835129,0.03656561437201246,0.16387297413745652
305.83146658928666,0.22815210874616104,0.0366494156609714,0.16401857627283783
306.0149287768027,0.22832807222906917,0.036733256440730146,0.1641636882085495
306.1983909643188,0.2285032784301937,0.03681713636172691,0.1643083095815555
306.38185315183483,0.22867772698909458,0.03690105507440687,0.16445244003506126
306.56531533935095,0.22885141755469035,0.0369850122292262,0.16459607921850014
306.74877752686695,0.22902434978523561,0.03706900747665623,0.16473922678752023
306.93223971438306,0.22919652334829826,0.03715304046718751,0.1648818824039703
307.1157019018992,0.22936793792073726,0.037237110851333854,0.1650240457358864
307.29916408941517,0.229538593188679,0.03732121827963641,0.1651657164574775
307.4826262769313,0.22970848884749534,0.037405362402667695,0.1653068942491124
307.66608846444734,0.22987762460178005,0.03748954287103563,0.16544757879730518
307.8495506519634,0.23004600016532556,0.03757375933538754,0.16558776979470125
308.03301283947945,0.23021361526110012,0.03765801144641417,0.16572746694006335
308.21647502699557,0.23038046962122444,0.037742298854853695,0.1658666699382575
308.39993721451157,0.23054656298694792,0.03782662121149568,0.16600537850023844
308.5833994020277,0.2307118951086255,0.037910978167185035,0.1661435923430356
308.7668615895438,0.23087646574569357,0.037995369372826,0.1662813111897383
308.9503237770598,0.23104027466664673,0.03807979447938608,0.16641853476948182
309.1337859645759,0.23120332164901383,0.038164253137899944,0.1665552628174326
309.3172481520919,0.23136560647933369,0.03824874499947342,0.16669149507477338
309.500710339608,0.23152712895313127,0.03833326971528729,0.16682723128868882
309.6841725271241,0.23168788887489397,0.0384178269366013,0.166962471212351
309.86763471464013,0.23184788605804685,0.03850241631475794,0.16709721460490404
310.0510969021562,0.23200712032492826,0.03858703750118638,0.1672314612314496
310.2345590896723,0.2321655915067661,0.03867169014740632,0.16736521086303185
310.41802127718836,0.23232329944365288,0.03875637390503177,0.1674984632766226
310.6014834647044,0.23248024398452097,0.038841088425774974,0.167631218255106
310.78494565222053,0.2326364249871184,0.03892583336145013,0.1677634755872635
310.9684078397365,0.2327918423179835,0.039010608363977274,0.16789523506775866
311.15187002725264,0.23294649585242072,0.03909541308538605,0.16802649649712198
311.3353322147687,0.2331003854744756,0.03918024717781947,0.1681572596817357
311.51879440228475,0.23325351107690911,0.03926511029353767,0.1682875244338181
311.70225658980087,0.23340587256117326,0.03935000208492172,0.16841729057140808
311.8857187773169,0.23355746983738576,0.03943492220447729,0.16854655791835016
312.069180964833,0.2337083028243047,0.039519870304838466,0.16867532630427848
312.25264315234904,0.23385837144930294,0.03960484603877137,0.16880359556460117
312.43610533986515,0.23400767564834363,0.03968984905917792,0.16893136554048513
312.61956752738115,0.23415621536595338,0.0397748790190995,0.16905863607883978
312.80302971489726,0.23430399055519788,0.03985993557172064,0.16918540703230164
312.9864919024133,0.23445100117765563,0.03994501837037271,0.1693116782592185
313.1699540899294,0.23459724720339223,0.04003012706853749,0.16943744962363314
313.3534162774455,0.2347427286109351,0.04011526131985087,0.1695627209952681
313.53687846496155,0.2348874453872471,0.04020042077810647,0.16968749224950905
313.7203406524776,0.23503139752770075,0.040285605097259244,0.1698117632673891
313.90380283999366,0.23517458503605235,0.040370813931429016,0.16993553393557256
314.0872650275098,0.23531700792441596,0.040456046934904163,0.17005880414633906
314.2707272150258,0.23545866621323697,0.04054130376214514,0.170181573797567
314.4541894025419,0.23559955993126627,0.04062658406778801,0.17030384279271757
314.637651590058,0.23573968911553375,0.040711887506648045,0.1704256110408185
314.821113777574,0.2358790538113218,0.04079721373372318,0.1705468784564473
315.0045759650901,0.2360176540721398,0.040882562404197596,0.17066764495971581
315.1880381526061,0.23615548995969635,0.040967933173445215,0.17078791047625266
315.3715003401222,0.23629256154387374,0.041053325697033176,0.1709076749371875
315.5549625276383,0.23642886890270104,0.0411387396307253,0.1710269382791344
315.73842471515434,0.23656441212232773,0.04122417463048554,0.17114570044417535
315.9218869026704,0.23669919129699632,0.041309630352481516,0.17126396137984312
316.1053490901865,0.2368332065290167,0.04139510645308784,0.17138172103910568
316.28881127770256,0.2369664579287381,0.04148060258888962,0.17149897938034825
316.4722734652186,0.23709894561452308,0.04156611841668585,0.17161573636735755
316.65573565273473,0.2372306697127205,0.041651653593492745,0.1717319919693047
316.83919784025073,0.2373616303576382,0.04173720777654723,0.17184774616072826
317.02266002776685,0.2374918276915166,0.04182278062331025,0.1719629989215178
317.2061222152829,0.2376212618645006,0.041908371791470084,0.17207775023689645
317.38958440279896,0.23774993303461384,0.0419939809389458,0.17219200009740454
317.573046590315,0.23787784136773035,0.04207960772389045,0.17230574849888244
317.75650877783113,0.23800498703754774,0.042165251804694506,0.17241899544245323
317.9399709653472,0.23813137022556014,0.042250912839989066,0.17253174093450613
318.12343315286324,0.23825699112103074,0.0423365904886492,0.17264398498667946
318.30689534037936,0.23838184992096428,0.04242228440979719,0.17275572761584307
318.49035752789536,0.23850594683007995,0.04250799426280582,0.17286696884408168
318.67381971541147,0.2386292820607836,0.04259371970730163,0.1729777086986775
318.8572819029275,0.2387518558331406,0.04267946040316807,0.17308794721209303
319.0407440904436,0.23887366837484775,0.04276521601054883,0.17319768442195363
319.2242062779597,0.23899471992120666,0.04285098618985097,0.17330692037103093
319.40766846547575,0.23911501071509508,0.04293677060174811,0.17341565510722468
319.5911306529918,0.23923454100694003,0.043022568907183666,0.1735238886835461
319.77459284050786,0.2393533110546897,0.043108380767373985,0.17363162115810005
319.958055028024,0.23947132112378594,0.043194205843811465,0.17373885259406807
320.14151721554,0.2395885714871362,0.04328004379826769,0.17384558305969045
320.3249794030561,0.23970506242508618,0.04336589429279665,0.1739518126282493
320.5084415905721,0.23982079422539146,0.04345175698973774,0.1740575413780507
320.6919037780882,0.23993576718319023,0.0435376315517189,0.17416276939240757
320.8753659656043,0.24004998160097504,0.043623517641659684,0.1742674967596218
321.0588281531203,0.24016343778856455,0.043709414922774366,0.17437172357296674
321.24229034063643,0.24027613606307657,0.04379532305857493,0.17447544993066996
321.4257525281525,0.24038807674889867,0.043881241712874164,0.17457867593589513
321.60921471566854,0.2404992601776615,0.04396717054978868,0.17468140169672486
321.7926769031846,0.24060968668821,0.04405310923374188,0.17478362732614294
321.9761390907007,0.24071935662657537,0.044139057429467006,0.17488535294201638
322.1596012782167,0.24082827034594714,0.044225014802010125,0.17498657866707806
322.3430634657328,0.24093642820664507,0.04431098101673308,0.17508730462890895
322.52652565324894,0.24104383057609075,0.04439695573931643,0.17518753095992023
322.70998784076494,0.24115047782877955,0.04448293863576243,0.1752872577973356
322.89345002828105,0.24125637034625252,0.04456892937239795,0.17538648528317344
323.0769122157971,0.24136150851706817,0.04465492761587741,0.17548521356422944
323.26037440331316,0.24146589273677405,0.04474093303318559,0.17558344279205818
323.4438365908292,0.24156952340787846,0.04482694529164065,0.1756811731229555
323.62729877834533,0.2416724009398224,0.04491296405889691,0.17577840471794087
323.8107609658614,0.24177452574895092,0.04499898900294777,0.17587513774273913
323.99422315337745,0.2418758982584853,0.04508501979212852,0.1759713723677631
324.17768534089356,0.24197651889849428,0.04517105609511918,0.1760671087680954
324.36114752840956,0.2420763881058659,0.0452570975809473,0.17616234712347037
324.5446097159257,0.2421755063242788,0.04534314391899084,0.17625708761825626
324.72807190344173,0.24227387400417424,0.045429194778980844,0.17635133044143741
324.9115340909578,0.24237149160272775,0.04551524983100434,0.1764450757865964
325.09499627847384,0.24246835958382013,0.045601308745507024,0.1765383238518956
325.27845846598996,0.24256447841800957,0.04568737119329601,0.17663107484005955
325.461920653506,0.24265984858250297,0.04577343684554262,0.1767233289583569
325.64538284102207,0.24275447056112762,0.04585950537378508,0.1768150864185823
325.8288450285382,0.24284834484430254,0.04594557644993117,0.17690634743703848
326.0123072160542,0.24294147192901003,0.046031649746261026,0.17699711223451814
326.1957694035703,0.24303385231876745,0.04611772493542976,0.17708738103628588
326.3792315910863,0.2431254865235986,0.0462038016904701,0.17717715407206042
326.5626937786024,0.24321637506000487,0.0462898796847951,0.17726643157599603
326.74615596611847,0.24330651845093731,0.04637595859220075,0.17735521378666488
326.9296181536345,0.24339591722576742,0.046462038086868614,0.17744350094703856
327.11308034115063,0.2434845719202595,0.04654811784336842,0.17753129330447062
327.2965425286667,0.24357248307654142,0.04663419753666068,0.17761859111067774
327.48000471618275,0.24365965124307637,0.04672027684209926,0.17770539462172222
327.6634669036988,0.24374607697463432,0.046806355435433974,0.17779170409799333
327.8469290912149,0.24383176083226354,0.046892432992813114,0.17787751980418973
328.0303912787309,0.24391670338326157,0.04697850919078599,0.1779628420093007
328.21385346624703,0.24400090520114753,0.04706458370630548,0.17804767098658877
328.39731565376314,0.24408436686563312,0.047150656216730535,0.17813200701357101
328.58077784127914,0.24416708896259393,0.047236726399828684,0.1782158503720011
328.76424002879526,0.24424907208404117,0.0473227939337785,0.17829920134785102
328.9477022163113,0.24433031682809309,0.04740885849717213,0.17838206023129327
329.13116440382737,0.24441082379894635,0.04749491976901767,0.17846442731668238
329.3146265913434,0.2444905936068475,0.047580977428741705,0.17854630290253665
329.49808877885954,0.24456962686806466,0.047667031156191655,0.1786276872915206
329.68155096637554,0.24464792420485884,0.04775308063163828,0.17870858079042606
329.86501315389165,0.24472548624545526,0.047839125535777974,0.1787889837101546
330.04847534140777,0.24480231362401517,0.04792516554973531,0.17886889636569886
330.23193752892377,0.2448784069806071,0.048011200355065245,0.17894831907612493
330.4153997164399,0.24495376696117882,0.048097229633755616,0.17902725216455398
330.59886190395594,0.24502839421752784,0.048183253068229445,0.1791056959581436
330.782324091472,0.24510228940727416,0.04826927034134725,0.17918365078807058
330.96578627898805,0.24517545319383097,0.04835528113640941,0.17926111698951194
331.14924846650416,0.2452478862463765,0.048441285137158466,0.17933809490162722
331.33271065402016,0.2453195892398255,0.048527282027781386,0.17941458486754022
331.5161728415363,0.24539056285480082,0.048613271492911884,0.17949058723432065
331.6996350290524,0.24546080777760504,0.048699253217632674,0.17956610235296644
331.8830972165684,0.24553032470019182,0.04878522688747771,0.179641130578385
332.0665594040845,0.24559911432013792,0.04887119218843447,0.17971567226937563
332.2500215916005,0.24566717734061455,0.048957148806946155,0.1797897277886112
332.4334837791166,0.2457345144703588,0.04904309642991389,0.17986329750261973
332.61694596663267,0.2458011264236458,0.049129034744698964,0.1799363817817668
332.8004081541487,0.24586701392025967,0.04921496343912496,0.18000898100023682
332.98387034166484,0.24593217768546602,0.04930088220147998,0.1800810955360155
333.1673325291809,0.2459966184499828,0.04938679072051882,0.18015272577087127
333.35079471669695,0.24606033694995286,0.04947268868546504,0.1802238720903376
333.534256904213,0.24612333392691504,0.049558575786013165,0.18029453488369468
333.7177190917291,0.24618561012777596,0.0496444517123308,0.18036471454395114
333.9011812792451,0.246247166304782,0.04973031615506067,0.18043441146782638
334.08464346676124,0.24630800321549112,0.04981616880532283,0.1805036260557322
334.2681056542773,0.24636812162274463,0.049902009354716656,0.18057235871175506
334.45156784179335,0.24642752229463882,0.04998783749532291,0.1806406098436377
334.63503002930946,0.2464862060044967,0.05007365291970582,0.18070837986276106
334.8184922168255,0.2465441735308403,0.05015945532091516,0.18077566918412663
335.0019544043416,0.24660142565736218,0.05024524439248819,0.18084247822633803
335.18541659185763,0.24665796317289773,0.05033101982845171,0.18090880741158333
335.36887877937374,0.2467137868713969,0.050416781323324125,0.180974657165617
335.55234096688974,0.24676889755189563,0.0505025285721173,0.18104002791774154
335.73580315440586,0.24682329601848868,0.05058826127033864,0.18110492010078988
335.9192653419219,0.24687698308030134,0.050673979113993,0.1811693341511075
336.10272752943797,0.24692995955146121,0.050759681799584636,0.18123327050853408
336.2861897169541,0.24698222625107058,0.05084536902411918,0.18129672961638604
336.46965190447014,0.24703378400317827,0.050931040485105515,0.18135971192143815
336.6531140919862,0.24708463363675182,0.05101669588055765,0.18142221787390594
336.83657627950225,0.24713477598564976,0.05110233490899672,0.18148424792742757
337.02003846701837,0.24718421188859346,0.051187957269452744,0.18154580253904623
337.20350065453437,0.24723294218913994,0.05127356266146664,0.1816068821691921
337.3869628420505,0.2472809677356531,0.051359150785091956,0.18166748728166432
337.5704250295666,0.24732828938127743,0.05144472134089669,0.18172761834361384
337.7538872170826,0.2473749079839084,0.051530274029965274,0.18178727582552445
337.9373494045987,0.24742082440616642,0.05161580855390023,0.18184646020119605
338.1208115921147,0.24746603951536844,0.05170132461482409,0.18190517194772637
338.3042737796308,0.2475105541835005,0.051786821915381046,0.18196341154549317
338.4877359671469,0.2475543692871899,0.05187230015873891,0.18202117947813673
338.67119815466293,0.24759748570767798,0.05195775904859072,0.18207847623254172
338.854660342179,0.24763990433079242,0.052043198289156586,0.18213530229882
339.0381225296951,0.24768162604691976,0.052128617585185354,0.18219165817029243
339.22158471721116,0.24772265175097793,0.05221401664195643,0.1822475443434715
339.4050469047272,0.24776298234238903,0.052299395165281336,0.18230296131804363
339.5885090922433,0.24780261872505127,0.052384752861505623,0.1823579095968511
339.7719712797593,0.2478415618073128,0.05247008943751036,0.18241238968587528
339.95543346727544,0.24787981250194308,0.052555404600713895,0.18246640209421808
340.1388956547915,0.24791737172610642,0.052640698059073565,0.1825199473340849
340.32235784230755,0.2479542404013347,0.05272596952108719,0.1825730259207671
340.5058200298236,0.24799041945349964,0.05281121869579488,0.18262563837262402
340.6892822173397,0.24802590981278638,0.05289644529278055,0.1826777852110661
340.8727444048558,0.2480607124136654,0.05298164902217358,0.18272946696053655
341.05620659237184,0.24809482819486664,0.0530668295946504,0.18278068414849485
341.23966877988795,0.2481282580993513,0.05315198672143605,0.1828314373053983
341.42313096740395,0.2481610030742854,0.05323712011430577,0.18288172696468524
341.60659315492006,0.24819306407101266,0.053322229485586584,0.18293155366275737
341.7900553424361,0.24822444204502764,0.05340731454815878,0.18298091793896237
341.9735175299522,0.24825513795594906,0.05349237501545754,0.18302982033557677
342.1569797174683,0.24828515276749216,0.053577410601474376,0.18307826139778807
342.34044190498435,0.24831448744744256,0.05366242102075867,0.1831262416736777
342.5239040925004,0.24834314296762966,0.053747405988419206,0.18317376171420413
342.70736628001646,0.2483711203038994,0.05383236522012556,0.18322082207318496
342.8908284675326,0.24839842043608745,0.0539172984321097,0.18326742330727966
343.07429065504857,0.24842504434799326,0.05400220534116733,0.18331356597597298
343.2577528425647,0.24845099302735285,0.05408708566465944,0.18335925064155706
343.4412150300807,0.24847626746581267,0.0541719391205136,0.18340447786911468
343.6246772175968,0.24850086865890247,0.05425676542722554,0.18344924822650172
343.8081394051129,0.2485247976060098,0.05434156430386048,0.1834935622843305
343.9916015926289,0.24854805531035246,0.0544263354700545,0.18353742061595227
344.175063780145,0.24857064277895308,0.054511078646015995,0.18358082379744034
344.3585259676611,0.24859256102261207,0.05459579355252703,0.18362377240757277
344.54198815517714,0.24861381105588184,0.05468047991094462,0.1836662670278158
344.7254503426932,0.24863439389704006,0.05476513744320223,0.1837083082423062
344.9089125302093,0.24865431056806417,0.05484976587181095,0.18374989663783503
345.0923747177253,0.2486735620946045,0.05493436491986094,0.18379103280383016
345.2758369052414,0.2486921495059585,0.055018934311022706,0.18383171733233944
345.45929909275753,0.24871007383504473,0.05510347376954835,0.18387195081801394
345.64276128027353,0.24872733611837677,0.05518798302027293,0.18391173385809112
345.82622346778965,0.24874393739603712,0.05527246178861576,0.18395106705237757
346.0096856553057,0.24875987871165156,0.055356909800581514,0.18398995100323282
346.19314784282176,0.24877516111236325,0.05544132678276169,0.1840283863155522
346.3766100303378,0.24878978564880644,0.055525712462335695,0.18406637359675
346.56007221785393,0.24880375337508132,0.05561006656707211,0.18410391345674273
346.74353440537,0.24881706534872813,0.055694388825330024,0.18414100650793302
346.92699659288604,0.24882972263070147,0.05577867896606,0.18417765336519232
347.11045878040215,0.24884172628534432,0.05586293671880551,0.18421385464584417
347.29392096791815,0.24885307738036322,0.05594716181370398,0.18424961096964834
347.47738315543427,0.24886377698680176,0.05603135398148802,0.18428492295878326
347.6608453429503,0.24887382617901616,0.05611551295348648,0.18431979123783032
347.8443075304664,0.24888322603464919,0.05619963846162577,0.18435421643375696
348.02776971798244,0.24889197763460508,0.05628373023843084,0.18438819917590027
348.21123190549855,0.24890008206302405,0.05636778801702637,0.18442174009595041
348.3946940930146,0.2489075404072572,0.056451811531137874,0.18445483982793434
348.57815628053066,0.24891435375784138,0.05653580051509279,0.18448749900819952
348.7616184680468,0.2489205232084733,0.05661975470382161,0.18451971827539693
348.9450806555628,0.24892604985598576,0.05670367383285888,0.18455149827046569
349.1285428430789,0.24893093480032152,0.05678755763834431,0.1845828396366161
349.3120050305949,0.2489351791445089,0.05687140585702386,0.18461374301931355
349.495467218111,0.24893878399463637,0.056955218226250715,0.1846442090662623
349.67892940562706,0.2489417504598282,0.05703899448398635,0.1846742384273893
349.8623915931431,0.24894407965221893,0.057122734368801574,0.18470383175482777
350.04585378065923,0.24894577268692902,0.05720643761987748,0.18473298970290128
350.2293159681753,0.24894683068204074,0.0572901039770065,0.18476171292810795
350.41277815569134,0.24894725475857235,0.057373733180593356,0.18479000208910376
350.5962403432074,0.24894704604045437,0.057457324971656044,0.18481785784668708
350.7797025307235,0.24894620565450448,0.05754087909182679,0.1848452808637821
350.9631647182395,0.2489447347304034,0.05762439528335298,0.18487227180542343
351.1466269057556,0.24894263440067016,0.0577078732890982,0.18489883133873966
351.33008909327174,0.24893990580063802,0.05779131285254304,0.1849249601329378
351.51355128078774,0.24893655006842966,0.05787471371778609,0.18495065885928705
351.69701346830385,0.24893256834493377,0.05795807562954479,0.18497592819110373
351.8804756558199,0.2489279617737799,0.0580413983331564,0.18500076880373445
352.06393784333596,0.248922731501315,0.058124681574578854,0.18502518137454121
352.247400030852,0.2489168786765788,0.05820792510039159,0.185049166582885
352.43086221836813,0.24891040445128013,0.05829112865779643,0.18507272511011058
352.61432440588413,0.24890330997977278,0.058374291994618535,0.18509585763953057
352.79778659340025,0.24889559641903175,0.05845741485930707,0.18511856485640987
352.98124878091636,0.24888726492862928,0.0585404970009362,0.1851408474479504
353.16471096843236,0.24887831667071086,0.05862353816920581,0.1851627061032747
353.3481731559485,0.24886875280997195,0.05870653811444236,0.18518414151341156
353.53163534346453,0.24885857451363366,0.05878949658759962,0.18520515437127935
353.7150975309806,0.2488477829514198,0.05887241334025954,0.18522574537167152
353.89855971849664,0.24883637929553265,0.05895528812463302,0.18524591521124067
354.08202190601276,0.24882436472063008,0.05903812069356057,0.18526566458848331
354.26548409352876,0.24881174040380166,0.059120910800513224,0.1852849942037245
354.44894628104487,0.24879850752454558,0.05920365819959313,0.18530390475910258
354.632408468561,0.24878466726474527,0.05928636264553443,0.18532239695855418
354.815870656077,0.24877022080864558,0.05936902389370387,0.18534047150779814
354.9993328435931,0.24875516934283048,0.05945164170010153,0.1853581291143214
355.1827950311091,0.2487395140561992,0.059534215821361626,0.18537537048736286
355.3662572186252,0.24872325613994373,0.05961674601475305,0.18539219633789908
355.54971940614126,0.2487063967875253,0.05969923203818019,0.1854086073786288
355.7331815936573,0.24868893719465174,0.05978167365018353,0.18542460432395774
355.91664378117343,0.2486708785592541,0.059864070609940326,0.1854401878899839
356.1001059686895,0.2486522220814647,0.05994642267726521,0.18545535879448244
356.2835681562056,0.2486329689635934,0.060028729612610965,0.18547011775689087
356.4670303437216,0.24861312041010558,0.06011099117706897,0.18548446549829387
356.6504925312377,0.24859267762759912,0.060193207132369975,0.18549840274140886
356.8339547187537,0.24857164182478186,0.06027537724088463,0.18551193021057075
357.01741690626983,0.24855001421244943,0.060357501265624114,0.18552504863171765
357.2008790937859,0.24852779600346206,0.06043957897024077,0.18553775873237538
357.38434128130194,0.2485049884127227,0.060521610119028554,0.18555006124164355
357.56780346881806,0.24848159265715514,0.06060359447692372,0.18556195689018062
357.7512656563341,0.24845760995568042,0.06068553180950533,0.18557344641018905
357.93472784385017,0.24843304152919607,0.06076742188299582,0.185584530535401
358.1181900313662,0.24840788860055282,0.060849264464261574,0.18559521000106355
358.30165221888234,0.24838215239453304,0.060931059320813385,0.18560548554392425
358.48511440639834,0.248355834137829,0.061012806220806994,0.18561535790221706
358.66857659391445,0.24832893505902018,0.06109450493304366,0.18562482781564713
358.8520387814305,0.24830145638855208,0.06117615522697056,0.18563389602537722
359.03550096894656,0.24827339935871393,0.06125775687268138,0.1856425632740126
359.2189631564627,0.248244765203617,0.06133930964091672,0.18565083030558738
359.40242534397873,0.2482155551591732,0.061420813303064606,0.18565869786554978
359.5858875314948,0.24818577046307327,0.061502267631160915,0.18566616670074834
359.76934971901085,0.2481554123547649,0.06158367239788988,0.1856732375594171
359.95281190652696,0.24812448207543175,0.061665027376584504,0.18567991119116214
360.13627409404296,0.24809298086797157,0.06174633234122695,0.18568618834694675
360.3197362815591,0.24806090997697527,0.06182758706644905,0.1856920697790782
360.5031984690752,0.24802827064870514,0.061908791327532665,0.1856975562411929
360.6866606565912,0.24799506413107358,0.061989944900410085,0.18570264848824267
360.8701228441073,0.24796129167362277,0.06207104756166443,0.18570734727648122
361.0535850316233,0.24792695452750238,0.06215209908853007,0.18571165336344952
361.2370472191394,0.24789205394544953,0.062233099258892935,0.18571556750796256
361.42050940665547,0.247856591181767,0.06231404785129095,0.18571909047009508
361.6039715941716,0.24782056749230272,0.06239494464491431,0.18572222301116775
361.7874337816876,0.24778398413442915,0.06247578941960592,0.18572496589373405
361.9708959692037,0.24774684236702157,0.0625565819558617,0.18572731988156554
362.1543581567198,0.24770914345043898,0.06263732203483084,0.18572928573963937
362.3378203442358,0.24767088864650139,0.06271800943831626,0.18573086423412344
362.5212825317519,0.2476320792184711,0.06279864394877481,0.18573205613236385
362.7047447192679,0.2475927164310307,0.06287922534931761,0.18573286220287044
362.88820690678403,0.2475528015502638,0.06295975342371031,0.18573328321530413
363.0716690943001,0.24751233584363402,0.06304022795637342,0.185733319940463
363.25513128181615,0.24747132057996452,0.06312064873238263,0.1857329731502687
363.4385934693322,0.24742975702941825,0.0632010155374689,0.1857322436177535
363.6220556568483,0.2473876464634773,0.06328132815801887,0.18573113211704667
363.8055178443644,0.24734499015492317,0.06336158638107517,0.18572963942336126
363.98898003188043,0.24730178937781627,0.06344178999433639,0.18572776631298069
364.17244221939654,0.24725804540747634,0.06352193878615756,0.1857255135632459
364.35590440691254,0.2472137595204622,0.06360203254555027,0.1857228819525416
364.53936659442866,0.24716893299455228,0.06368207106218293,0.18571987226028383
364.7228287819447,0.24712356710872405,0.06376205412638089,0.18571648526690612
364.90629096946077,0.24707766314313545,0.06384198152912673,0.18571272175384707
365.0897531569769,0.2470312223791043,0.06392185306206037,0.185708582503537
365.27321534449294,0.2469842460990887,0.06400166851747932,0.1857040682993849
365.456677532009,0.2469367355866688,0.06408142768833872,0.18569917992576607
365.64013971952505,0.24688869212652498,0.0641611303682517,0.1856939181680082
365.82360190704117,0.2468401170044209,0.06424077635148936,0.18568828381237962
366.00706409455717,0.24679101150718283,0.06432036543298097,0.18568227764607592
366.1905262820733,0.24674137692268056,0.06439989740831416,0.18567590045720717
366.3739884695893,0.24669121453980813,0.0644793720737349,0.18566915303478526
366.5574506571054,0.24664052564846517,0.0645587892261478,0.1856620361687113
366.7409128446215,0.24658931153953761,0.06463814866311611,0.18565455064976313
366.9243750321375,0.24653757350487865,0.06471745018286183,0.18564669726958244
367.1078372196536,0.24648531283728953,0.06479669358426579,0.18563847682066212
367.2912994071697,0.24643253083050118,0.06487587866686781,0.1856298900963342
367.4747615946858,0.24637922877915538,0.0649550052308667,0.185620937890757
367.6582237822018,0.2463254079787859,0.06503407307712038,0.18561162099890308
367.8416859697179,0.24627106972579949,0.06511308200714586,0.18560194021654616
368.0251481572339,0.246216215317458,0.06519203182311936,0.18559189634024953
368.20861034475,0.2461608460518593,0.06527092232787639,0.1855814901673534
368.3920725322661,0.24610496322791922,0.06534975332491169,0.18557072249596251
368.5755347197821,0.24604856814535275,0.06542852461837934,0.1855595941249343
368.75899690729824,0.24599166210465628,0.06550723601309266,0.18554810585386644
368.9424590948143,0.24593424640708877,0.06558588731452442,0.18553625848308478
369.12592128233035,0.2458763223546542,0.06566447832880663,0.18552405281363127
369.3093834698464,0.24581789125008272,0.06574300886273067,0.18551148964725186
369.4928456573625,0.245758954396813,0.06582147872374723,0.18549856978638454
369.6763078448786,0.2456995130989744,0.06589988771996633,0.18548529403414726
369.85977003239464,0.245639568661369,0.0659782356601572,0.18547166319432645
370.04323221991075,0.2455791223894535,0.06605652235374838,0.18545767807136454
370.22669440742675,0.24551817558932143,0.06613474761082758,0.18544333947034833
370.41015659494286,0.24545672956768594,0.06621291124214158,0.18542864819699748
370.5936187824589,0.24539478563186168,0.06629101305909635,0.1854136050576524
370.777080969975,0.2453323450897472,0.0663690528737568,0.18539821085926259
370.96054315749103,0.24526940924980806,0.06644703049884687,0.18538246640937536
371.14400534500714,0.24520597942105854,0.06652494574774923,0.18536637251612365
371.3274675325232,0.24514205691304514,0.06660279843450542,0.18534992998821487
371.51092972003926,0.2450776430358283,0.06668058837381563,0.185333139634919
371.69439190755537,0.24501273909996604,0.06675831538103862,0.18531600226605732
371.87785409507137,0.24494734641649646,0.06683597927219159,0.18529851869199124
372.0613162825875,0.24488146629692026,0.0669135798639501,0.18528068972361003
372.2447784701035,0.24481510005318463,0.06699111697364793,0.18526251617232042
372.4282406576196,0.24474824899766534,0.06706859041927693,0.18524399885003473
372.61170284513565,0.24468091444315038,0.0671460000194869,0.18522513856915956
372.79516503265177,0.24461309770282308,0.06722334559358538,0.185205936142585
372.9786272201678,0.24454480009024487,0.06730062696153762,0.18518639238367257
373.1620894076839,0.2444760229193394,0.06737784394396626,0.18516650810624513
373.3455515952,0.2444067675043753,0.06745499636215133,0.18514628412457498
373.529013782716,0.24433703515994987,0.06753208403802992,0.18512572125337318
373.7124759702321,0.2442668272009722,0.06760910679419607,0.18510482030777806
373.8959381577481,0.24419614494264774,0.0676860644539006,0.1850835821033451
374.0794003452642,0.2441249897004607,0.06776295684105085,0.18506200745603502
374.26286253278033,0.2440533627901585,0.06783978378021054,0.18504009718220338
374.44632472029633,0.24398126552773527,0.06791654509659949,0.18501785209858967
374.62978690781244,0.24390869922941577,0.06799324061609345,0.18499527302230628
374.8132490953285,0.2438356652116395,0.06806987016522383,0.18497236077082815
374.99671128284456,0.24376216479104446,0.06814643357117753,0.18494911616198167
375.1801734703606,0.2436881992844512,0.06822293066179666,0.1849255400139342
375.3636356578767,0.24361377000884685,0.06829936126557831,0.184901633145183
375.5470978453927,0.24353887828136958,0.06837572521167423,0.1848773963745452
375.73056003290884,0.2434635254192925,0.06845202232989067,0.18485283052114693
375.91402222042495,0.24338771274000853,0.06852825245068804,0.18482793640441297
376.09748440794095,0.24331144156101372,0.06860441540518071,0.1848027148440557
376.28094659545707,0.2432347131998931,0.06868051102513664,0.1847771666600656
376.4644087829731,0.24315752897430382,0.06875653914297716,0.1847512926727
376.6478709704892,0.24307989020196077,0.06883249959177665,0.18472509370247311
376.83133315800524,0.2430017982006208,0.06890839220526222,0.1846985705701459
377.01479534552135,0.24292325428806733,0.06898421681781346,0.18467172409671548
377.19825753303735,0.24284425978209523,0.06905997326446207,0.18464455510340477
377.38171972055346,0.24276481600049574,0.06913566138089158,0.18461706441165276
377.5651819080696,0.24268492426104155,0.06921128100343696,0.18458925284310423
377.7486440955856,0.24260458588147116,0.06928683196908442,0.18456112121959928
377.9321062831017,0.24252380217947436,0.0693623141154709,0.1845326703631636
378.11556847061775,0.24244257447267742,0.0694377272808839,0.1845039010959984
378.2990306581338,0.24236090407862848,0.06951307130426096,0.18447481424047074
378.48249284564986,0.24227879231478172,0.06958834602518946,0.18444541061910272
378.665955033166,0.24219624049848393,0.06966355128390608,0.18441569105456246
378.849417220682,0.2421132499469592,0.06973868692129662,0.18438565636965404
379.0328794081981,0.24202982197729464,0.06981375277889548,0.18435530738730746
379.2163415957142,0.24194595790642537,0.06988874869888535,0.18432464493056872
379.3998037832302,0.24186165905112098,0.06996367452409681,0.18429366982259082
379.5832659707463,0.2417769267279704,0.07003853009800794,0.18426238288662336
379.7667281582623,0.24169176225336764,0.07011331526474382,0.18423078494600315
379.9501903457784,0.24160616694349807,0.07018802986907632,0.18419887682414454
380.1336525332945,0.241520142114324,0.07026267375642359,0.18416665934453022
380.31711472081054,0.24143368908157053,0.0703372467728495,0.18413413333070125
380.50057690832665,0.2413468091607111,0.07041174876506343,0.1841012996062475
380.6840390958427,0.24125950366695462,0.07048617958041975,0.1840681589947989
380.86750128335876,0.24117177391523037,0.07056053906691738,0.18403471232001528
381.0509634708748,0.24108362122017465,0.07063482707319939,0.18400096040557729
381.23442565839093,0.2409950468961176,0.07070904344855246,0.1839669040751775
381.41788784590693,0.2409060522570682,0.07078318804290654,0.18393254415251042
381.60135003342305,0.24081663861670183,0.07085726070683432,0.1838978814612638
381.7848122209391,0.24072680728834586,0.07093126129155077,0.1838629168251089
381.96827440845516,0.24063655958496674,0.07100518964891264,0.18382765106769228
382.1517365959713,0.24054589681915634,0.07107904563141816,0.18379208501262573
382.33519878348733,0.240454820303118,0.07115282909220626,0.18375621948347753
382.5186609710034,0.2403633313486543,0.07122653988505635,0.1837200553037637
382.70212315851944,0.24027143126715264,0.07130017786438772,0.18368359329693856
382.88558534603555,0.2401791213695732,0.071373742885259,0.18364683428638623
383.06904753355155,0.24008640296643483,0.0714472348033677,0.18360977909541146
383.25250972106767,0.23999327736780224,0.07152065347504977,0.1835724285472306
383.4359719085838,0.2398997458832735,0.07159399875727894,0.18353478346496332
383.6194340960998,0.2398058098219665,0.07166727050766632,0.18349684467162336
383.8028962836159,0.23971147049250635,0.0717404685844598,0.18345861299010985
383.98635847113195,0.23961672920301255,0.07181359284654362,0.18342008924319897
384.169820658648,0.2395215872610863,0.07188664315343768,0.18338127425353484
384.35328284616406,0.23942604597379752,0.0719596193652971,0.18334216884362112
384.5367450336802,0.23933010664767243,0.07203252134291173,0.18330277383581228
384.7202072211962,0.23923377058868128,0.07210534894770541,0.18326309005230546
384.9036694087123,0.23913703910222517,0.07217810204173566,0.18322311831513138
385.0871315962284,0.23903991349312426,0.07225078048769283,0.18318285944614635
385.2705937837444,0.23894239506560538,0.07232338414889988,0.18314231426702393
385.4540559712605,0.23884448512328893,0.0723959128893114,0.18310148359924583
385.6375181587765,0.2387461849691777,0.07246836657351342,0.1830603682640945
385.82098034629263,0.23864749590564385,0.0725407450667226,0.18301896908264406
386.0044425338087,0.2385484192344173,0.07261304823478569,0.18297728687575265
386.18790472132474,0.23844895625657375,0.07268527594417892,0.1829353224640539
386.3713669088408,0.23834910827252204,0.07275742806200752,0.18289307666794868
386.5548290963569,0.23824887658199284,0.07282950445600495,0.18285055030759723
386.73829128387297,0.23814826248402649,0.0729015049945324,0.18280774420291077
386.921753471389,0.23804726727696143,0.07297342954657816,0.1827646591735437
387.10521565890514,0.23794589225842203,0.07304527798175693,0.1827212960388854
387.28867784642114,0.23784413872530769,0.07311705017030934,0.18267765561805258
387.47214003393725,0.23774200797377984,0.07318874598310121,0.18263373872988048
387.6556022214533,0.2376395012992522,0.07326036529162294,0.18258954619291634
387.83906440896936,0.23753661999637754,0.07333190796798894,0.1825450788254101
388.0225265964855,0.23743336535903747,0.07340337388493688,0.18250033744530764
388.20598878400153,0.23732973868033067,0.07347476291582712,0.18245532287024258
388.3894509715176,0.23722574125256135,0.07354607493464208,0.18241003591752852
388.57291315903365,0.2371213743672281,0.07361730981598551,0.1823644774041513
388.75637534654976,0.2370166393150131,0.07368846743508187,0.18231864814676157
388.93983753406576,0.23691153738577012,0.0737595476677757,0.18227254896166678
389.1232997215819,0.23680606986851466,0.07383055039053088,0.18222618066482416
389.30676190909793,0.23670023805141174,0.07390147548043004,0.1821795440718326
389.490224096614,0.23659404322176592,0.07397232281517382,0.18213263999792553
389.6736862841301,0.23648748666600933,0.07404309227308023,0.18208546925796298
389.85714847164616,0.23638056966969226,0.0741137837330839,0.182038032666425
390.0406106591622,0.23627329351747103,0.07418439707473547,0.1819903310374031
390.22407284667827,0.23616565949309837,0.07425493217820085,0.1819423651845943
390.4075350341944,0.23605766887941174,0.07432538892426056,0.18189413592129236
390.5909972217104,0.23594932295832355,0.07439576719430897,0.18184564406038142
390.7744594092265,0.2358406230108104,0.07446606687035365,0.18179689041432862
390.9579215967425,0.23573157031690256,0.0745362878350146,0.18174787579517682
391.1413837842586,0.2356221661556733,0.0746064299715236,0.18169860101453725
391.3248459717747,0.23551241180522914,0.07467649316372346,0.18164906688358265
391.5083081592907,0.23540230854269906,0.07474647729606727,0.18159927421304012
391.69177034680683,0.2352918576442244,0.07481638225361771,0.18154922381318403
391.8752325343229,0.23518106038494874,0.0748862079220463,0.18149891649382888
392.05869472183895,0.2350699180390079,0.07495595418763268,0.1814483530643228
392.242156909355,0.2349584318795193,0.07502562093726386,0.18139753433353978
392.4256190968711,0.23484660317857298,0.07509520805843348,0.18134646110987374
392.6090812843872,0.23473443320722076,0.07516471543924104,0.18129513420123095
392.79254347190323,0.23462192323546663,0.07523414296839123,0.18124355441502343
392.97600565941934,0.23450907453225728,0.07530349053519303,0.18119172255816246
393.15946784693534,0.23439588836547154,0.07537275802955908,0.18113963943705114
393.34293003445146,0.2342823660019117,0.07544194534200487,0.18108730585757848
393.5263922219675,0.2341685087072931,0.07551105236364794,0.18103472262511208
393.70985440948357,0.23405431774623472,0.0755800789862072,0.18098189054449204
393.8933165969996,0.23393979438224974,0.07564902510200203,0.18092881042002373
394.07677878451574,0.23382493987773603,0.07571789060395163,0.1808754830554718
394.2602409720318,0.23370975549396675,0.07578667538557417,0.18082190925405345
394.44370315954785,0.23359424249108085,0.07585537934098599,0.1807680898184317
394.62716534706396,0.2334784021280739,0.07592400236490084,0.18071402555070934
394.81062753457996,0.23336223566278883,0.07599254435262905,0.18065971725242227
394.9940897220961,0.2332457443519068,0.07606100520007682,0.18060516572453317
395.17755190961213,0.23312892945093786,0.07612938480374534,0.1805503717674251
395.3610140971282,0.2330117922142121,0.07619768306073002,0.18049533618089542
395.54447628464425,0.23289433389487052,0.07626589986871964,0.18044005976414929
395.72793847216036,0.2327765557448561,0.07633403512599557,0.18038454331579343
395.9114006596764,0.23265845901490456,0.07640208873143102,0.18032878763382992
396.0948628471925,0.2325400449545362,0.0764700605844901,0.18027279351565031
396.2783250347086,0.23242131481204656,0.07653795058522708,0.18021656175802922
396.4617872222246,0.23230226983449764,0.07660575863428558,0.18016009315711817
396.6452494097407,0.23218291126770976,0.07667348463289765,0.18010338850843993
396.8287115972567,0.23206324035625242,0.07674112848288298,0.18004644860688213
397.0121737847728,0.2319432583434356,0.07680869008664816,0.17998927424669126
397.1956359722889,0.2318229664713018,0.07687616934718572,0.179931866221467
397.3790981598049,0.2317023659806173,0.07694356616807331,0.17987422532415615
397.56256034732104,0.23158145811086372,0.07701088045347293,0.17981635234704688
397.7460225348371,0.23146024410022958,0.07707811210813,0.17975824808176258
397.92948472235315,0.23133872518560206,0.07714526103737251,0.17969991331925622
398.1129469098692,0.23121690260255906,0.0772123271471103,0.17964134884980487
398.2964090973853,0.2310947775853603,0.07727931034383397,0.17958255546300347
398.4798712849013,0.23097235136694003,0.07734621053461421,0.17952353394775947
398.66333347241743,0.23084962517889815,0.07741302762710091,0.17946428509228685
398.84679565993355,0.23072660025149286,0.07747976152952217,0.17940480968410094
399.03025784744955,0.2306032778136322,0.07754641215068363,0.17934510851001245
399.21372003496566,0.23047965909286677,0.0776129793999674,0.17928518235612229
399.3971822224817,0.2303557453153807,0.07767946318733135,0.17922503200781534
399.5806444099978,0.23023153770598487,0.07774586342330805,0.17916465824975567
399.76410659751383,0.23010703748810885,0.0778121800190041,0.17910406186588074
399.94756878502994,0.229982245883793,0.07787841288609909,0.17904324363939605
400.13103097254594,0.22985716411368112,0.07794456193684476,0.17898220435276985
400.31449316006206,0.22973179339701272,0.07801062708406413,0.17892094478772758
400.49795534757817,0.22960613495161525,0.07807660824115058,0.17885946572524675
400.68141753509417,0.22948018999389688,0.07814250532206696,0.17879776794555138
400.8648797226103,0.22935395973883882,0.07820831824134468,0.17873585222810698
401.04834191012634,0.22922744539998824,0.07827404691408288,0.17867371935161533
401.2318040976424,0.22910064818945086,0.07833969125594742,0.17861137009400935
401.41526628515845,0.22897356931788307,0.07840525118317004,0.1785488052324474
401.59872847267457,0.22884620999448563,0.07847072661254749,0.17848602554330903
401.7821906601906,0.22871857142699578,0.07853611746144043,0.17842303180218927
401.9656528477067,0.22859065482168042,0.07860142364777281,0.17835982478389373
402.1491150352228,0.22846246138332896,0.07866664509003067,0.17829640526243368
402.3325772227388,0.22833399231524615,0.0787317817072614,0.17823277401102092
402.5160394102549,0.22820524881924528,0.07879683341907273,0.1781689318020629
402.6995015977709,0.22807623209564137,0.0788618001456319,0.17810487940715794
402.882963785287,0.2279469433432438,0.07892668180766461,0.17804061759709003
403.0664259728031,0.22781738375935,0.07899147832645412,0.17797614714182422
403.24988816031913,0.22768755453973832,0.0790561896238404,0.17791146881050166
403.43335034783524,0.22755745687866144,0.07912081562221915,0.17784658337143502
403.6168125353513,0.2274270919688397,0.07918535624454084,0.17778149159210335
403.80027472286736,0.22729646100145465,0.07924981141430974,0.1777161942391479
403.9837369103834,0.22716556516614167,0.07931418105558302,0.17765069207836665
404.1671990978995,0.2270344056509849,0.07937846509296993,0.17758498587471072
404.3506612854155,0.22690298364250922,0.07944266345163058,0.17751907639227876
404.53412347293164,0.22677130032567488,0.07950677605727526,0.17745296439431285
404.7175856604477,0.2266393568838705,0.07957080283616322,0.17738665064319373
404.90104784796375,0.22650715449890696,0.07963474371510204,0.17732013590043644
405.08451003547987,0.22637469435101126,0.0796985986214464,0.17725342092668564
405.2679722229959,0.22624197761882003,0.07976236748309723,0.17718650648171136
405.451434410512,0.22610900547937368,0.07982605022850077,0.17711939332440446
405.63489659802804,0.22597577910810976,0.07988964678664753,0.17705208221277208
405.81835878554415,0.22584229967885744,0.07995315708707147,0.17698457390393368
406.00182097306015,0.22570856836383105,0.0800165810598488,0.17691686915411609
406.18528316057626,0.2255745863336241,0.08007991863559728,0.17684896871864958
406.3687453480924,0.22544035475720353,0.08014316974547502,0.17678087335196366
406.5522075356084,0.22530587480190395,0.08020633432117966,0.1767125838075827
406.7356697231245,0.2251711476334211,0.08026941229494731,0.1766441008381215
406.91913191064054,0.2250361744158071,0.08033240359955165,0.1765754251952816
407.1025940981566,0.2249009563114638,0.08039530816830283,0.17650655762984666
407.28605628567266,0.2247654944811374,0.0804581259350466,0.17643749889167853
407.46951847318877,0.22462979008391257,0.08052085683416328,0.17636824972971304
407.65298066070477,0.2244938442772077,0.0805835008005668,0.1762988108919564
407.8364428482209,0.22435765821676795,0.0806460577697037,0.17622918312548033
408.019905035737,0.22422123305666086,0.08070852767755207,0.1761593671764188
408.203367223253,0.22408456994927034,0.0807709104606207,0.1760893637899637
408.3868294107691,0.22394767004529137,0.08083320605594799,0.17601917371036105
408.5702915982851,0.22381053449372482,0.08089541440110096,0.175948797680907
408.7537537858012,0.22367316444187169,0.08095753543417429,0.17587823644394385
408.9372159733173,0.22353556103532807,0.08101956909378928,0.1758074907408565
409.12067816083334,0.22339772541797992,0.08108151531909288,0.17573656131206825
409.3041403483494,0.22325965873199793,0.08114337404975677,0.17566544889703742
409.4876025358655,0.22312136211783193,0.08120514522597613,0.175594154234253
409.67106472338156,0.22298283671420638,0.08126682878846883,0.17552267806123167
409.8545269108976,0.2228440836581151,0.08132842467847437,0.17545102111451358
410.03798909841373,0.22270510408481603,0.08138993283775287,0.17537918412965864
410.22145128592973,0.22256589912782637,0.08145135320858403,0.17530716784124317
410.40491347344584,0.22242646991891793,0.08151268573376622,0.17523497298285623
410.5883756609619,0.22228681758811172,0.08157393035661528,0.17516260028709577
410.77183784847796,0.22214694326367365,0.0816350870209637,0.1750900504855653
410.95530003599407,0.2220068480721092,0.08169615567115951,0.17501732430887024
411.1387622235101,0.22186653313815957,0.08175713625206521,0.1749444224866149
411.3222244110262,0.22172599958479555,0.08181802870905688,0.174871345747398
411.50568659854224,0.2215852485332141,0.08187883298802308,0.1747980948188101
411.68914878605835,0.22144428110283348,0.0819395490353638,0.17472467042743012
411.87261097357435,0.2213030984112879,0.08200017679798949,0.17465107329882118
412.05607316109047,0.22116170157442422,0.08206071622332005,0.17457730415752842
412.2395353486065,0.2210200917062964,0.08212116725928373,0.17450336372707467
412.4229975361226,0.22087826991916168,0.08218152985431616,0.17442925272995763
412.6064597236387,0.22073623732347558,0.08224180395735926,0.17435497188764637
412.78992191115475,0.2205939950278885,0.08230198951786036,0.17428052192057847
412.9733840986708,0.22045154413924023,0.08236208648577091,0.17420590354815615
413.15684628618686,0.22030888576255694,0.08242209481154573,0.17413111748874402
413.340308473703,0.22016602100104588,0.08248201444614178,0.17405616445966499
413.523770661219,0.22002295095609115,0.08254184534101713,0.17398104517719729
413.7072328487351,0.21987967672725078,0.08260158744813006,0.17390576035657213
413.8906950362511,0.2197361994122514,0.08266124071993788,0.17383031071196967
414.0741572237672,0.21959252010698446,0.08272080510939597,0.1737546969565164
414.2576194112833,0.2194486399055029,0.08278028056995666,0.17367891980228242
414.4410815987993,0.2193045599000159,0.08283966705556833,0.17360297996027763
414.6245437863154,0.2191602811808863,0.08289896452067423,0.1735268781404497
414.8080059738315,0.21901580483662514,0.08295817292021149,0.17345061505167997
414.99146816134754,0.2188711319538899,0.08301729220960999,0.17337419140178206
415.1749303488636,0.2187262636174785,0.08307632234479148,0.1732976078974975
415.3583925363797,0.2185812009103269,0.08313526328216844,0.17322086524449382
415.54185472389577,0.21843594491350493,0.08319411497864294,0.17314396414736125
415.7253169114118,0.21829049670621248,0.08325287739160576,0.17306690530960997
415.90877909892794,0.21814485736577618,0.08331155047893522,0.1729896894336677
416.09224128644394,0.21799902796764542,0.08337013419899619,0.17291231722087633
416.27570347396005,0.21785300958538914,0.08342862851063894,0.1728347893714897
416.4591656614761,0.21770680329069184,0.08348703337319822,0.17275710658467056
416.64262784899216,0.2175604101533505,0.08354534874649214,0.17267926955848822
416.8260900365082,0.21741383124127095,0.08360357459082104,0.17260127898991554
417.00955222402433,0.21726706762046416,0.0836617108669666,0.1725231355748263
417.1930144115404,0.2171201203550437,0.0837197575361906,0.1724448400079932
417.37647659905645,0.2169729905072213,0.08377771456023395,0.17236639298308445
417.55993878657256,0.21682567913730436,0.08383558190131567,0.1722877951926617
417.74340097408856,0.2166781873036924,0.0838933595221318,0.1722090473281776
417.9268631616047,0.21653051606287374,0.08395104738585424,0.17213015007997282
418.1103253491207,0.2163826664694226,0.08400864545612981,0.17205110413727412
418.2937875366368,0.21623463957599554,0.08406615369707915,0.17197191018819144
418.47724972415284,0.21608643643332895,0.08412357207329563,0.17189256891971605
418.66071191166895,0.21593805809023509,0.08418090054984431,0.17181308101771725
418.844174099185,0.21578950559360005,0.08423813909226087,0.17173344716694097
419.02763628670107,0.21564077998838008,0.0842952876665505,0.17165366805100674
419.2110984742172,0.2154918823175988,0.08435234623918694,0.17157374435240583
419.3945606617332,0.21534281362234425,0.08440931477711126,0.17149367675249833
419.5780228492493,0.21519357494176616,0.08446619324773094,0.17141346593151158
419.7614850367653,0.21504416731307305,0.08452298161891869,0.1713331125685376
419.9449472242814,0.2148945917715291,0.08457967985901145,0.17125261734153055
420.1284094117975,0.2147448493504521,0.08463628793680922,0.1711719809273053
420.3118715993135,0.21459494108120986,0.08469280582157415,0.1710912040015344
420.49533378682963,0.21444486799321796,0.08474923348302935,0.17101028723874642
420.6787959743457,0.21429463111393715,0.08480557089135779,0.1709292313123238
420.86225816186175,0.21414423146887057,0.08486181801720134,0.17084803689450062
421.0457203493778,0.21399367008156114,0.08491797483165957,0.1707667046563603
421.2291825368939,0.21384294797358905,0.0849740413062888,0.17068523526783422
421.4126447244099,0.2136920661645693,0.08503001741310093,0.17060362939769885
421.59610691192603,0.21354102567214892,0.08508590312456236,0.17052188771357424
421.77956909944214,0.21338982751200505,0.08514169841359306,0.17044001088192207
421.96303128695814,0.21323847269784216,0.08519740325356524,0.17035799956804343
422.14649347447425,0.21308696224138957,0.08525301761830253,0.1702758544360769
422.3299556619903,0.2129352971523995,0.0853085414820787,0.1701935761489969
422.51341784950637,0.21278347843864429,0.08536397481961669,0.17011116536861143
422.6968800370224,0.2126315071059146,0.08541931760608754,0.17002862275556044
422.88034222453854,0.21247938415801682,0.08547456981710927,0.1699459489693139
423.06380441205454,0.21232711059677087,0.08552973142874574,0.16986314466816993
423.24726659957065,0.21217468742200837,0.08558480241750574,0.16978021050925315
423.43072878708676,0.2120221156315701,0.08563978276034176,0.1696971471485127
423.61419097460276,0.2118693962213042,0.08569467243464893,0.1696139552407206
423.7976531621189,0.21171653018506373,0.08574947141826403,0.16953063543946995
423.98111534963493,0.21156351851470528,0.08580417968946427,0.16944718839717332
424.164577537151,0.21141036220008624,0.0858587972269663,0.16936361476506095
424.34803972466705,0.21125706222906326,0.08591332400992513,0.16927991519317903
424.53150191218316,0.2111036195874903,0.085967760017933,0.16919609033038824
424.7149640996992,0.21095003525921627,0.08602210523101834,0.1691121408243619
424.8984262872153,0.21079631022608408,0.08607635962964469,0.16902806732158462
425.0818884747314,0.21064244546792782,0.08613052319470951,0.1689438704673504
425.2653506622474,0.21048844196257158,0.08618459590754328,0.16885955090576132
425.4488128497635,0.21033430068582765,0.08623857774990826,0.1687751092797261
425.6322750372795,0.2101800226114942,0.08629246870399748,0.16869054623095817
425.8157372247956,0.2100256087113544,0.08634626875243365,0.16860586239997435
425.99919941231167,0.20987105995517402,0.08639997787826806,0.1685210584260936
426.1826615998277,0.20971637731070042,0.08645359606497945,0.16843613494743542
426.36612378734384,0.20956156174366064,0.08650712329647302,0.16835109260091832
426.5495859748599,0.2094066142177593,0.08656055955707932,0.16826593202225829
426.733048162376,0.2092515356946783,0.08661390483155308,0.16818065384596795
426.916510349892,0.209096327134074,0.08666715910507228,0.16809525870535452
427.0999725374081,0.2089409894935767,0.08672032236323686,0.168009747232519
427.2834347249241,0.2087855237287887,0.08677339459206783,0.16792412005835453
427.46689691244023,0.2086299307932829,0.0868263757780061,0.16783837781254518
427.6503590999563,0.20847421163860166,0.08687926590791135,0.1677525211235647
427.83382128747235,0.20831836721425487,0.086932064969061,0.16766655061867491
428.01728347498846,0.20816239846771972,0.08698477294914916,0.16758046692392525
428.2007456625045,0.20800630634443795,0.08703738983628546,0.1674942706641506
428.3842078500206,0.20785009178781597,0.087089915618994,0.1674079624629708
428.56767003753663,0.20769375573922283,0.08714235028621231,0.16732154294278917
428.75113222505274,0.20753729913798896,0.08719469382729017,0.1672350127247912
428.93459441256874,0.2073807229214053,0.08724694623198861,0.16714837242894365
429.11805660008486,0.20722402802472245,0.08729910749047881,0.16706162267399352
429.30151878760097,0.20706721538114864,0.0873511775933409,0.16697476407746645
429.48498097511697,0.20691028592184946,0.08740315653156312,0.16688779725566621
429.6684431626331,0.20675324057594663,0.08745504429654044,0.16680072282367336
429.85190535014914,0.2065960802705165,0.08750684088007371,0.1667135413953439
430.0353675376652,0.20643880593058989,0.08755854627436846,0.16662625358330901
430.21882972518125,0.2062814184791502,0.08761016047203386,0.1665388599989733
430.40229191269736,0.20612391883713316,0.08766168346608158,0.1664513612525142
430.58575410021336,0.20596630792342568,0.08771311524992469,0.16636375795288091
430.7692162877295,0.2058085866548649,0.08776445581737675,0.16627605070779342
430.9526784752456,0.2056507559462374,0.08781570516265055,0.16618824012374162
431.1361406627616,0.20549281671027836,0.08786686328035707,0.1661003268059843
431.3196028502777,0.2053347698576708,0.08791793016550435,0.1660123113585484
431.5030650377937,0.2051766162970449,0.08796890581349653,0.16592419438422815
431.6865272253098,0.20501835693497678,0.08801979022013268,0.16583597648458387
431.8699894128259,0.20485999267598873,0.08807058338160574,0.16574765825994173
432.05345160034193,0.20470152442254727,0.08812128529450139,0.16565924030939216
432.236913787858,0.2045429530750637,0.08817189595579702,0.16557072323078986
432.4203759753741,0.20438427953189278,0.08822241536286067,0.1654821076207525
432.6038381628902,0.20422550468933204,0.08827284351344991,0.16539339407465997
432.7873003504062,0.20406662944162166,0.0883231804057107,0.16530458318665384
432.9707625379223,0.20390765468094368,0.08837342603817641,0.16521567554963662
433.1542247254383,0.20374858129742163,0.08842358040976671,0.1651266717552709
433.33768691295444,0.20358941017911966,0.08847364351978643,0.1650375723939788
433.5211491004705,0.20343014221204242,0.08852361536792457,0.1649483780549411
433.70461128798655,0.20327077828013448,0.08857349595425314,0.16485908932609689
433.88807347550267,0.2031113192652801,0.08862328527922615,0.16476970679414257
434.0715356630187,0.2029517660473023,0.08867298334367847,0.16468023104453153
434.2549978505348,0.20279211950396353,0.08872259014882476,0.16459066266147349
434.43846003805083,0.20263238051096422,0.08877210569625844,0.16450100222793382
434.62192222556695,0.20247254994194294,0.08882152998795059,0.16441125032563286
434.80538441308295,0.20231262866847627,0.08887086302624882,0.16432140753504573
434.98884660059906,0.2021526175600782,0.08892010481387623,0.16423147443540143
435.1723087881151,0.20199251748420047,0.08896925535393037,0.16414145160468263
435.3557709756312,0.2018323293062314,0.08901831464988214,0.16405133961962484
435.5392331631473,0.20167205388949672,0.08906728270557465,0.1639611390557162
435.72269535066334,0.2015116920952588,0.08911615952522225,0.163870850487197
435.9061575381794,0.20135124478271668,0.08916494511340937,0.163780474487059
436.08961972569546,0.20119071280900602,0.08921363947508949,0.16369001162704527
436.27308191321157,0.20103009702919902,0.08926224261558405,0.16359946247764973
436.45654410072757,0.20086939829630399,0.08931075454058132,0.1635088276081163
436.6400062882437,0.200708617461266,0.08935917525613554,0.16341810758643935
436.8234684757597,0.2005477553729663,0.08940750476866556,0.16332730297936257
437.0069306632758,0.20038681287822255,0.08945574308495391,0.16323641435237912
437.1903928507919,0.20022579082178898,0.08950389021214579,0.163145442269731
437.3738550383079,0.20006469004635616,0.08955194615774788,0.16305438729440885
437.557317225824,0.1999035113925513,0.08959991092962734,0.16296324998815176
437.7407794133401,0.1997422556989382,0.08964778453601067,0.16287203091144659
437.9242416008562,0.1995809238020177,0.0896955669854828,0.16278073062352827
438.1077037883722,0.1994195165362274,0.08974325828698575,0.16268934968237905
438.2911659758883,0.1992580347339422,0.08979085844981786,0.16259788864472863
438.4746281634044,0.1990964792254743,0.08983836748363254,0.16250634806605355
438.6580903509204,0.19893485083907347,0.08988578539843724,0.16241472850057742
438.84155253843653,0.1987731504009274,0.08993311220459237,0.16232303050127034
439.02501472595253,0.19861137873516194,0.08998034791281033,0.16223125461984908
439.20847691346864,0.19844953666384127,0.09002749253415432,0.16213940140677668
439.3919391009847,0.19828762500696825,0.09007454608003732,0.16204747141126227
439.57540128850076,0.19812564458248505,0.09012150856222106,0.1619554651812612
439.7588634760168,0.19796359620627293,0.09016837999281493,0.16186338326347455
439.9423256635329,0.19780148069215325,0.09021516038427489,0.16177122620334947
440.125787851049,0.1976392988518874,0.09026184974940246,0.1616789945450786
440.30925003856504,0.1974770514951777,0.09030844810134371,0.1615866888316006
440.49271222608115,0.19731473942966735,0.09035495545358802,0.1614943096045996
440.67617441359715,0.1971523634609414,0.09040137181996716,0.16140185740450538
440.85963660111327,0.19698992439252658,0.0904476972146542,0.16130933277049314
441.0430987886293,0.1968274230258926,0.0904939316521625,0.16121673624048383
441.2265609761454,0.19666486016045218,0.09054007514734455,0.16112406835114393
441.4100231636615,0.19650223659356172,0.09058612771539103,0.1610313296378854
441.59348535117755,0.19633955312052187,0.09063208937182964,0.16093852063486597
441.7769475386936,0.19617681053457842,0.09067796013252409,0.160845641874989
441.96040972620966,0.19601400962692234,0.09072374001367314,0.16075269388990357
442.1438719137258,0.19585115118669105,0.09076942903180936,0.16065967721000457
442.3273341012418,0.19568823600096846,0.09081502720379826,0.16056659236443266
442.5107962887579,0.1955252648547865,0.09086053454683714,0.16047343988107485
442.6942584762739,0.19536223853112478,0.09090595107845403,0.1603802202865639
442.87772066379,0.19519915781091227,0.09095127681650675,0.16028693410627912
443.0611828513061,0.19503602347302731,0.09099651177918171,0.160193581864346
443.24464503882217,0.19487283629429894,0.09104165598499289,0.16010016408363667
443.4281072263382,0.19470959704950744,0.09108670945278098,0.1600066812857701
443.6115694138543,0.19454630651138505,0.09113167220171206,0.1599131339911121
443.7950316013704,0.19438296545061692,0.09117654425127679,0.15981952271877553
443.9784937888864,0.19421957463584205,0.09122132562128918,0.15972584798662073
444.1619559764025,0.19405613483365391,0.09126601633188569,0.15963211031125557
444.3454181639185,0.19389264680860163,0.09131061640352403,0.15953831020803572
444.5288803514346,0.1937291113231904,0.09135512585698234,0.15944444819106474
444.71234253895074,0.19356552913788322,0.09139954471335797,0.15935052477319495
444.89580472646674,0.19340190101110113,0.09144387299406648,0.1592565404660269
445.07926691398285,0.1932382276992243,0.0914881107208406,0.1591624957799102
445.2627291014989,0.19307450995659314,0.09153225791572929,0.15906839122394356
445.44619128901496,0.19291074853550955,0.09157631460109647,0.15897422730597538
445.629653476531,0.19274694418623733,0.0916202807996203,0.15888000453260376
445.81311566404713,0.19258309765700382,0.0916641565342919,0.15878572340917715
445.9965778515632,0.19241920969400067,0.09170794182841442,0.15869138443979464
446.18004003907924,0.1922552810413848,0.09175163670560194,0.15859698812730597
446.36350222659536,0.19209131244127983,0.09179524118977847,0.1585025349733124
446.54696441411136,0.1919273046337768,0.09183875530517707,0.15840802547816685
446.73042660162747,0.19176325835693578,0.09188217907633853,0.15831346014097453
446.9138887891435,0.19159917434678655,0.09192551252811051,0.15821883945959286
447.0973509766596,0.19143505333733002,0.09196875568564658,0.15812416393063258
447.28081316417564,0.19127089606053949,0.09201190857440503,0.15802943404945768
447.46427535169175,0.19110670324636145,0.09205497122014791,0.157934650310186
447.6477375392078,0.19094247562271738,0.0920979436489401,0.15783981320568977
447.83119972672387,0.19077821391550448,0.09214082588714809,0.1577449232275961
448.01466191424,0.19061391884859735,0.09218361796143919,0.15764998086628737
448.198124101756,0.19044959114384866,0.09222631989878027,0.15755498661090167
448.3815862892721,0.19028523152109117,0.09226893172643698,0.15745994094933372
448.56504847678815,0.19012084069813867,0.09231145347197249,0.15736484436823484
448.7485106643042,0.18995641939078722,0.09235388516324668,0.15726969735301388
448.93197285182026,0.18979196831281667,0.09239622682841495,0.15717450038783767
449.1154350393364,0.18962748817599168,0.09243847849592737,0.15707925395563138
449.29889722685243,0.18946297969006384,0.0924806401945275,0.15698395853807953
449.4823594143685,0.1892984435627723,0.09252271195325154,0.1568886146156262
449.6658216018846,0.18913388049984525,0.09256469380142715,0.15679322266747567
449.8492837894006,0.188969291205002,0.09260658576867262,0.15669778317159322
450.0327459769167,0.18880467637995377,0.09264838788489567,0.15660229660470573
450.2162081644327,0.18864003672440516,0.09269010018029257,0.1565067634423019
450.3996703519488,0.18847537293605604,0.09273172268534707,0.15641118415863345
450.58313253946494,0.1883106857106028,0.09277325543082947,0.1563155592267155
450.76659472698094,0.1881459757417398,0.09281469844779552,0.15621988911832724
450.95005691449705,0.187981243721161,0.09285605176758552,0.15612417430401268
451.1335191020131,0.18781649033856132,0.09289731542182313,0.15602841525308112
451.31698128952917,0.18765171628163843,0.09293848944241455,0.1559326124336082
451.5004434770452,0.18748692223609426,0.09297957386154751,0.15583676631243631
451.68390566456134,0.18732210888563627,0.09302056871169016,0.1557408773551754
451.86736785207734,0.18715727691197953,0.09306147402559015,0.15564494602620366
452.05083003959345,0.18699242699484805,0.09310228983627358,0.15554897278866858
452.23429222710956,0.18682755981197643,0.09314301617704411,0.1554529581044871
452.41775441462556,0.18666267603911155,0.09318365308148183,0.1553569024343469
452.6012166021417,0.18649777635001424,0.09322420058344234,0.15526080623770702
452.78467878965773,0.18633286141646083,0.09326465871705572,0.15516466997279837
452.9681409771738,0.18616793190824502,0.09330502751672562,0.15506849409662496
453.15160316468985,0.18600298849317937,0.09334530701712815,0.1549722790649643
453.33506535220596,0.18583803183709724,0.09338549725321099,0.15487602533236852
453.51852753972196,0.18567306260385433,0.09342559826019235,0.15477973335216502
453.7019897272381,0.18550808145533054,0.09346561007356002,0.15468340357645727
453.8854519147542,0.1853430890514317,0.09350553272907032,0.15458703645612581
454.0689141022702,0.18517808605009134,0.09354536626274719,0.154490632440829
454.2523762897863,0.18501307310727227,0.09358511071088113,0.15439419197900367
454.43583847730235,0.18484805087696893,0.09362476611002837,0.15429771551786658
454.6193006648184,0.1846830200112086,0.09366433249700969,0.15420120350341465
454.80276285233447,0.1845179811600534,0.09370380990890952,0.15410465638042606
454.9862250398506,0.1843529349716025,0.09374319838307504,0.1540080745924614
455.16968722736664,0.18418788209199347,0.09378249795711513,0.15391145858186434
455.3531494148827,0.18402282316540436,0.09382170866889938,0.15381480878976245
455.5366116023988,0.1838577588340557,0.09386083055655715,0.15371812565606843
455.7200737899148,0.1836926897382122,0.09389986365847657,0.15362140961948076
455.9035359774309,0.18352761651618457,0.09393880801330365,0.15352466111748472
456.0869981649469,0.1833625398043318,0.09397766365994119,0.15342788058635343
456.27046035246303,0.18319746023706285,0.0940164306375479,0.15333106846114883
456.4539225399791,0.18303237844683867,0.09405510898553734,0.15323422517572255
456.63738472749515,0.18286729506417412,0.09409369874357712,0.15313735116271673
456.82084691501126,0.18270221071763976,0.09413219995158775,0.1530404468535655
457.0043091025273,0.1825371260338642,0.09417061264974178,0.15294351267849535
457.1877712900434,0.18237204163753584,0.09420893687846284,0.15284654906652673
457.37123347755943,0.1822069581514051,0.0942471726784246,0.15274955644547467
457.55469566507554,0.182041876196286,0.09428532009054993,0.15265253524194983
457.73815785259154,0.1818767963910589,0.0943233791560099,0.1525554858813599
457.92162004010765,0.18171171935267164,0.0943613499162227,0.15245840878791
458.1050822276237,0.1815466456961425,0.09439923241285285,0.15236130438460446
458.28854441513977,0.18138157603456176,0.09443702668781018,0.15226417309324727
458.4720066026559,0.1812165109790936,0.0944747327832489,0.15216701533444338
458.65546879017194,0.18105145113897894,0.09451235074156658,0.15206983152759995
458.838930977688,0.18088639712153673,0.09454988060540334,0.15197262209092716
459.02239316520405,0.18072134953216648,0.09458732241764067,0.1518753874414393
459.20585535272016,0.1805563089743504,0.09462467622140079,0.15177812799495616
459.38931754023616,0.18039127604965535,0.09466194206004541,0.15168084416610378
459.5727797277523,0.18022625135773518,0.09469911997717503,0.1515835363683158
459.7562419152684,0.18006123549633288,0.09473621001662781,0.15148620501383464
459.9397041027844,0.1798962290612825,0.09477321222247867,0.15138885051371226
460.1231662903005,0.1797312326465116,0.09481012663903851,0.15129147327781162
460.30662847781656,0.17956624684404343,0.09484695331085301,0.1511940737148078
460.4900906653326,0.1794012722439989,0.09488369228270191,0.1510966522321891
460.6735528528487,0.17923630943459914,0.09492034359959797,0.15099920923625806
460.8570150403648,0.17907135900216747,0.09495690730678612,0.15090174513213298
461.0404772278808,0.17890642153113173,0.09499338344974237,0.15080426032374872
461.2239394153969,0.17874149760402644,0.095029772074173,0.15070675521385804
461.407401602913,0.17857658780149524,0.09506607322601365,0.15060923020403288
461.590863790429,0.17841169270229304,0.09510228695142832,0.1505116856946655
461.7743259779451,0.17824681288328822,0.09513841329680847,0.15041412208496946
461.9577881654611,0.17808194891946516,0.0951744523087721,0.15031653977298126
462.14125035297724,0.17791710138392614,0.09521040403416284,0.15021893915556123
462.3247125404933,0.17775227084789422,0.09524626852004897,0.15012132062839484
462.50817472800935,0.17758745788071503,0.09528204581372259,0.150023684585994
462.6916369155254,0.17742266304985937,0.09531773596269857,0.14992603142169822
462.8750991030415,0.17725788692092542,0.09535333901471388,0.14982836152767592
463.0585612905576,0.17709313005764132,0.09538885501772632,0.14973067529492567
463.24202347807363,0.17692839302186725,0.09542428401991386,0.14963297311327742
463.42548566558975,0.1767636763735979,0.0954596260696737,0.14953525537139378
463.60894785310575,0.176598980670965,0.09549488121562123,0.1494375224567714
463.79241004062186,0.17643430647023933,0.09553004950658932,0.14933977475574192
463.9758722281379,0.1762696543258336,0.09556513099162718,0.1492420126534738
464.159334415654,0.17610502479030446,0.09560012571999962,0.14914423653397313
464.3427966031701,0.17594041841435523,0.09563503374118609,0.14904644678008522
464.52625879068614,0.175775835746838,0.09566985510487978,0.14894864377349573
464.7097209782022,0.1756112773347563,0.09570458986098676,0.14885082789473209
464.89318316571826,0.17544674372326743,0.09573923805962492,0.14875299952316484
465.07664535323437,0.17528223545568505,0.09577379975112331,0.14865515903700885
465.26010754075037,0.17511775307348146,0.09580827498602103,0.14855730681332474
465.4435697282665,0.1749532971162901,0.09584266381506644,0.14845944322802027
465.62703191578254,0.17478886812190808,0.09587696628921624,0.14836156865585148
465.8104941032986,0.17462446662629902,0.09591118245963462,0.14826368347042443
465.9939562908147,0.17446009316359468,0.09594531237769227,0.14816578804419606
466.17741847833076,0.1742957482660982,0.09597935609496558,0.1480678827484759
466.3608806658468,0.17413143246428628,0.0960133136632357,0.14796996795342737
466.5443428533629,0.17396714628681206,0.0960471851344877,0.14787204402806917
466.727805040879,0.17380289026050713,0.09608097056090958,0.1477741113402766
466.911267228395,0.17363866491038443,0.09611466999489157,0.14767617025678303
467.0947294159111,0.1734744707596406,0.09614828348902502,0.14757822114318114
467.2781916034271,0.17331030832965877,0.09618181109610172,0.14748026436392458
467.4616537909432,0.17314617814001082,0.0962152528691129,0.14738230028232913
467.64511597845933,0.17298208070846022,0.09624860886124835,0.14728432926057425
467.82857816597533,0.17281801655096446,0.09628187912589561,0.14718635165970453
468.01204035349144,0.17265398618167752,0.09631506371663912,0.14708836783963092
468.1955025410075,0.17248999011295274,0.09634816268725918,0.1469903781591324
468.37896472852356,0.17232602885534526,0.0963811760917313,0.14689238297585724
468.5624269160396,0.17216210291761458,0.09641410398422512,0.14679438264632463
468.7458891035557,0.17199821280672728,0.09644694641910365,0.1466963775259258
468.9293512910718,0.17183435902785962,0.09647970345092247,0.14659836796892584
469.11281347858784,0.17167054208439997,0.0965123751344287,0.14650035432846492
469.29627566610395,0.17150676247795188,0.09654496152456023,0.14640233695655988
469.47973785361995,0.17134302070833624,0.09657746267644488,0.1463043162041056
469.66320004113607,0.1711793172735942,0.0966098786453995,0.14620629242087652
469.8466622286521,0.17101565266998978,0.09664220948692907,0.1461082659555281
470.0301244161682,0.17085202739201252,0.09667445525672597,0.1460102371555984
470.21358660368423,0.17068844193238025,0.09670661601066896,0.1459122063675094
470.39704879120035,0.17052489678204164,0.09673869180482247,0.14581417393656879
470.5805109787164,0.1703613924301787,0.09677068269543562,0.14571614020697093
470.76397316623246,0.1701979293642099,0.0968025887389415,0.14561810552179882
470.9474353537486,0.1700345080697926,0.09683440999195618,0.14552007022302565
471.1308975412646,0.16987112903082574,0.096866146511278,0.14542203465151587
471.3143597287807,0.16970779272945272,0.0968977983538866,0.14532399914702718
471.49782191629674,0.16954449964606388,0.09692936557694215,0.14522596404821173
471.6812841038128,0.16938125025929943,0.09696084823778452,0.1451279296926178
471.86474629132886,0.1692180450460521,0.09699224639393236,0.14502989641669134
472.04820847884497,0.1690548844814697,0.09702356010308233,0.14493186455577733
472.231670666361,0.1688917690389584,0.09705478942310825,0.14483383444412165
472.4151328538771,0.16872869919018477,0.09708593441206015,0.14473580641487235
472.5985950413932,0.16856567540507883,0.09711699512816369,0.1446377808000812
472.7820572289092,0.16840269815183712,0.09714797162981906,0.14453975793070542
472.9655194164253,0.16823976789692502,0.09717886397560024,0.14444173813660913
473.1489816039413,0.16807688510507973,0.0972096722242543,0.1443437217465649
473.3324437914574,0.1679140502393129,0.09724039643470034,0.14424570908825543
473.51590597897354,0.16775126376091376,0.09727103666602883,0.144147700488275
473.69936816648953,0.1675885261294514,0.09730159297750074,0.14404969627213102
473.88283035400565,0.1674258378027779,0.09733206542854668,0.1439516967642457
474.0662925415217,0.16726319923703115,0.0973624540787661,0.1438537022879578
474.24975472903776,0.16710061088663747,0.09739275898792651,0.14375571316552377
474.4332169165538,0.16693807320431447,0.09742298021596263,0.14365772971811974
474.61667910406993,0.16677558664107392,0.09745311782297553,0.14355975226584297
474.80014129158593,0.16661315164622456,0.09748317186923186,0.14346178112771346
474.98360347910204,0.16645076866737496,0.09751314241516307,0.14336381662167563
475.16706566661816,0.16628843815043612,0.09754302952136445,0.14326585906459968
475.35052785413416,0.16612616053962473,0.09757283324859452,0.1431679087722836
475.53399004165027,0.16596393627746556,0.09760255365777412,0.14306996605945443
475.7174522291663,0.16580176580479453,0.09763219080998556,0.1429720312397701
475.9009144166824,0.16563964956076166,0.09766174476647185,0.1428741046258209
476.08437660419844,0.16547758798283352,0.09769121558863596,0.14277618652913113
476.26783879171455,0.1653155815067967,0.09772060333803989,0.142678277260161
476.45130097923055,0.1651536305667601,0.097749908076404,0.1425803771283079
476.63476316674667,0.1649917355951581,0.09777912986560613,0.14248248644190814
476.8182253542628,0.1648298970227533,0.0978082687676808,0.14238460550823878
477.0016875417788,0.16466811527863956,0.09783732484481845,0.142286734633519
477.1851497292949,0.16450639079024473,0.09786629815936466,0.14218887412291206
477.36861191681095,0.1643447239833337,0.09789518877381928,0.14209102428052667
477.552074104327,0.1641831152820109,0.09792399675083571,0.14199318540941877
477.73553629184306,0.16402156510872373,0.09795272215322005,0.14189535781159313
477.9189984793592,0.16386007388426502,0.09798136504393039,0.14179754178800513
478.10246066687523,0.16369864202777623,0.09800992548607594,0.14169973763856233
478.2859228543913,0.1635372699567501,0.0980384035429163,0.1416019456621262
478.4693850419074,0.16337595808703392,0.09806679927786069,0.14150416615651373
478.6528472294234,0.16321470683283187,0.09809511275446711,0.14140639941849914
478.8363094169395,0.16305351660670864,0.09812334403644157,0.14130864574381552
479.0197716044555,0.1628923878195916,0.09815149318763744,0.14121090542715656
479.2032337919716,0.16273132088077452,0.0981795602720544,0.14111317876217833
479.3866959794877,0.16257031619791992,0.09820754535383797,0.14101546604150075
479.57015816700374,0.16240937417706208,0.09823544849727846,0.14091776755670937
479.75362035451985,0.1622484952226103,0.09826326976681045,0.14082008359835724
479.9370825420359,0.16208767973735136,0.09829100922701187,0.1407224144559662
480.12054472955197,0.161926928122453,0.09831866694260324,0.14062476041802913
480.304006917068,0.16176624077746632,0.09834624297844698,0.14052712177201115
480.48746910458414,0.16160561810032908,0.09837373739954652,0.1404294988043516
480.67093129210014,0.16144506048736876,0.09840115027104568,0.1403318918004657
480.85439347961625,0.16128456833330498,0.0984284816582278,0.14023430104474618
481.0378556671323,0.16112414203125314,0.09845573162651505,0.14013672682056516
481.22131785464836,0.16096378197272687,0.0984829002414676,0.14003916941027575
481.4047800421645,0.16080348854764112,0.0985099875687829,0.1399416290952136
481.58824222968053,0.16064326214431549,0.09853699367429498,0.1398441061556991
481.7717044171966,0.16048310314947634,0.09856391862397358,0.13974660087103846
481.95516660471264,0.16032301194826099,0.09859076248392354,0.13964911351952622
482.13862879222876,0.1601629889242195,0.0986175253203839,0.1395516443784462
482.32209097974476,0.1600030344593185,0.09864420719972723,0.1394541937240737
482.50555316726087,0.15984314893394372,0.09867080818845893,0.13935676183167717
482.689015354777,0.1596833327269031,0.09869732835321643,0.13925934897551978
482.872477542293,0.1595235862154299,0.09872376776076836,0.13916195542886128
483.0559397298091,0.1593639097751854,0.09875012647801397,0.1390645814639599
483.23940191732515,0.15920430378026232,0.09877640457198228,0.13896722735207373
483.4228641048412,0.15904476860318734,0.09880260210983144,0.13886989336346267
483.60632629235727,0.15888530461492445,0.09882871915884785,0.1387725797673903
483.7897884798734,0.158725912184878,0.09885475578644555,0.13867528683212554
483.9732506673894,0.1585665916808952,0.09888071206016544,0.13857801482494408
484.1567128549055,0.15840734346926966,0.09890658804767459,0.13848076401213066
484.3401750424216,0.1582481679147443,0.09893238381676539,0.13838353465898062
484.5236372299376,0.15808906538051412,0.09895809943535494,0.13828632702980148
484.7070994174537,0.15793003622822938,0.09898373497148426,0.13818914138791485
484.8905616049697,0.15777108081799862,0.09900929049331762,0.13809197799565825
485.07402379248583,0.15761219950839184,0.09903476606914181,0.1379948371143869
485.2574859800019,0.15745339265644304,0.09906016176736536,0.1378977190044752
485.44094816751794,0.15729466061765363,0.09908547765651782,0.13780062392531883
485.624410355034,0.1571360037459956,0.09911071380524913,0.13770355213533644
485.8078725425501,0.156977422393914,0.09913587028232887,0.13760650389197127
485.99133473006617,0.15681891691233038,0.09916094715664545,0.13750947945169295
486.1747969175822,0.15666048765064586,0.09918594449720547,0.13741247906999965
486.35825910509834,0.15650213495674387,0.0992108623731331,0.13731550300141931
486.54172129261434,0.1563438591769933,0.0992357008536692,0.13721855149951165
486.72518348013045,0.15618566065625175,0.09926046000817074,0.13712162481687018
486.9086456676465,0.15602753973786826,0.09928513990610996,0.13702472320512363
487.09210785516257,0.15586949676368655,0.09930974061707382,0.13692784691493798
487.2755700426787,0.15571153207404792,0.09933426221076322,0.136830996196018
487.45903223019474,0.15555364600779437,0.09935870475699231,0.13673417129710932
487.6424944177108,0.15539583890227154,0.0993830683256877,0.136637372466
487.82595660522685,0.15523811109333213,0.09940735298688796,0.13654059994952247
488.00941879274296,0.15508046291533836,0.09943155881074271,0.13644385399355527
488.19288098025896,0.15492289470116552,0.09945568586751208,0.13634713484302477
488.3763431677751,0.15476540678220468,0.09947973422756592,0.13625044274190706
488.55980535529113,0.15460799948836595,0.09950370396138322,0.13615377793322972
488.7432675428072,0.15445067314808142,0.09952759513955126,0.13605714065907357
488.9267297303233,0.15429342808830832,0.09955140783276503,0.1359605311605746
489.11019191783936,0.15413626463453187,0.09957514211182655,0.13586394967792562
489.2936541053554,0.1539791831107687,0.09959879804764414,0.13576739645037814
489.4771162928715,0.15382218383956942,0.09962237571123174,0.1356708717162442
489.6605784803876,0.15366526714202203,0.09964587517370822,0.135574375712898
489.8440406679036,0.15350843333775482,0.0996692965062968,0.13547790867677792
490.0275028554197,0.1533516827449397,0.0996926397803242,0.13538147084338834
490.2109650429357,0.1531950156802949,0.09971590506722014,0.13528506244730132
490.3944272304518,0.1530384324590882,0.09973909243851653,0.13518868372215834
490.5778894179679,0.15288193339513972,0.09976220196584681,0.1350923349006722
490.7613516054839,0.1527255188008256,0.09978523372094542,0.134996016214629
490.94481379300004,0.15256918898708055,0.0998081877756469,0.1348997278948897
491.1282759805161,0.15241294426340096,0.09983106420188544,0.134803470171392
491.31173816803215,0.15225678493784814,0.09985386307169405,0.1347072432731522
491.4952003555482,0.15210071131705136,0.09987658445720404,0.13461104742826716
491.6786625430643,0.15194472370621073,0.09989922843064418,0.13451488286391566
491.86212473058043,0.15178882240910047,0.09992179506434025,0.13441874980636076
492.04558691809643,0.15163300772807187,0.09994428443071417,0.13432264848095127
492.22904910561255,0.15147727996405638,0.09996669660228351,0.1342265791121237
492.41251129312855,0.1513216394165687,0.09998903165166072,0.13413054192340404
492.59597348064466,0.15116608638370976,0.10001128965155251,0.13403453713740948
492.7794356681607,0.15101062116217,0.10003347067475928,0.1339385649758506
492.9628978556768,0.1508552440472321,0.10005557479417423,0.13384262565953262
493.14636004319283,0.15069995533277436,0.10007760208278309,0.1337467194083578
493.32982223070894,0.15054475531127365,0.10009955261366307,0.13365084644132688
493.513284418225,0.15038964427380846,0.10012142645998243,0.13355500697654102
493.69674660574105,0.1502346225100619,0.10014322369499988,0.13345920123120358
493.88020879325717,0.15007969030832496,0.10016494439206376,0.1333634294216221
494.06367098077317,0.1499248479554994,0.10018658862461158,0.13326769176321
494.2471331682893,0.14977009573710104,0.10020815646616923,0.1331719884704884
494.43059535580534,0.14961543393726234,0.10022964799035039,0.13307631975708784
494.6140575433214,0.14946086283873614,0.100251063270856,0.13298068583575046
494.79751973083745,0.14930638272289823,0.10027240238147346,0.13288508691833148
494.98098191835356,0.1491519938697507,0.10029366539607601,0.13278952321580123
495.1644441058696,0.14899769655792466,0.10031485238862228,0.13269399493824677
495.3479062933857,0.14884349106468386,0.10033596343315546,0.132598502294874
495.5313684809018,0.14868937766592716,0.10035699860380273,0.13250304549400926
495.7148306684178,0.14853535663619194,0.10037795797477475,0.13240762474310125
495.8982928559339,0.14838142824865713,0.10039884162036487,0.13231224024872285
496.0817550434499,0.14822759277514636,0.10041964961494847,0.13221689221657304
496.265217230966,0.1480738504861307,0.10044038203298264,0.13212158085147852
496.44867941848213,0.1479202016507321,0.10046103894900515,0.13202630635739573
496.63214160599813,0.14776664653672622,0.10048162043763417,0.13193106893741263
496.81560379351424,0.14761318541054552,0.10050212657356747,0.13183586879375045
496.9990659810303,0.1474598185372825,0.10052255743158185,0.13174070612776562
497.18252816854636,0.14730654618069255,0.10054291308653256,0.13164558113995167
497.3659903560624,0.147153368603197,0.10056319361335261,0.1315504940299408
497.5494525435785,0.14700028606588658,0.10058339908705223,0.131455444996506
497.7329147310945,0.14684729882852382,0.1006035295827182,0.13136043423756258
497.91637691861064,0.14669440714954676,0.10062358517551342,0.1312654619501705
498.09983910612675,0.1465416112860716,0.10064356594067596,0.1311705283305356
498.28330129364275,0.14638891149389593,0.10066347195351874,0.13107563357401192
498.46676348115886,0.14623630802750165,0.10068330328942891,0.1309807778751031
498.6502256686749,0.1460838011400583,0.10070306002386716,0.1308859614274647
498.833687856191,0.14593139108342584,0.10072274223236696,0.13079118442390558
499.01715004370703,0.1457790781081577,0.10074234999053444,0.13069644705639002
499.20061223122315,0.14562686246350415,0.1007618833740473,0.13060174951603942
499.38407441873915,0.14547474439741498,0.10078134245865444,0.1305070919931342
499.56753660625526,0.14532272415654282,0.10080072732017539,0.1304124746771156
499.7509987937714,0.145170801986246,0.10082003803449961,0.13031789775658742
499.9344609812874,0.1450189781305919,0.1008392746775861,0.13022336141931828
500.1179231688035,0.14486725283235954,0.10085843732546247,0.13012886585224268
500.30138535631954,0.144715626333043,0.1008775260542247,0.1300344112414636
500.4848475438356,0.14456409887285446,0.10089654094003635,0.12993999777225382
500.66830973135166,0.14441267069072705,0.10091548205912801,0.12984562562905808
500.85177191886777,0.1442613420243179,0.10093434948779685,0.12975129499549465
501.0352341063838,0.14411011311001132,0.10095314330240576,0.1296570060543573
501.2186962938999,0.143958984182922,0.10097186357938315,0.1295627589876172
501.402158481416,0.14380795547689756,0.10099051039522196,0.12946855397642465
501.585620668932,0.14365702722452203,0.10100908382647947,0.1293743912011107
501.7690828564481,0.14350619965711883,0.10102758394977648,0.12928027084118957
501.9525450439641,0.14335547300475351,0.10104601084179683,0.12918619307535978
502.1360072314802,0.14320484749623713,0.10106436457928669,0.1290921580815065
502.3194694189963,0.1430543233591291,0.10108264523905419,0.12899816603670308
502.50293160651233,0.14290390081974033,0.10110085289796882,0.128904217117213
502.68639379402845,0.14275358010313627,0.10111898763296076,0.12881031149849184
502.8698559815445,0.14260336143313962,0.10113704952102039,0.1287164493551887
503.0533181690606,0.142453245032334,0.1011550386391977,0.1286226308611485
503.2367803565766,0.1423032311220664,0.10117295506460164,0.12852885618941345
503.42024254409273,0.1421533199224502,0.10119079887439983,0.12843512551222497
503.60370473160873,0.14200351165236885,0.10120857014581768,0.12834143900102574
503.78716691912484,0.14185380652947813,0.101226268956138,0.12824779682646117
503.9706291066409,0.1417042047702095,0.10124389538270054,0.1281541991583814
504.15409129415696,0.14155470658977337,0.10126144950290114,0.1280606461658433
504.33755348167307,0.14140531220216143,0.10127893139419157,0.12796713801711185
504.5210156691891,0.14125602182015046,0.10129634113407864,0.12787367487966242
504.7044778567052,0.14110683565530488,0.10131367880012379,0.12778025692018227
504.88794004422124,0.14095775391797977,0.10133094446994255,0.12768688430457256
505.07140223173735,0.14080877681732387,0.101348138221204,0.12759355719795004
505.25486441925335,0.14065990456128313,0.10136526013163016,0.12750027576464906
505.43832660676946,0.14051113735660287,0.10138231027899547,0.1274070401682231
505.6217887942856,0.1403624754088313,0.10139928874112644,0.1273138505714469
505.8052509818016,0.14021391892232243,0.1014161955959008,0.127220707136318
505.9887131693177,0.1400654681002391,0.10143303092124709,0.12712761002405876
506.17217535683375,0.13991712314455598,0.10144979479514424,0.12703455939511815
506.3556375443498,0.13976888425606235,0.10146648729562083,0.1269415554091733
506.53909973186586,0.13962075163436544,0.10148310850075475,0.12684859822513178
506.722561919382,0.1394727254778932,0.10149965848867257,0.12675568800113304
506.906024106898,0.1393248059838973,0.10151613733754902,0.1266628248945503
507.0894862944141,0.1391769933484563,0.10153254512560635,0.1265700090619925
507.2729484819302,0.1390292877664784,0.10154888193111404,0.12647724065930604
507.4564106694462,0.1388816894317045,0.1015651478323882,0.12638451984157636
507.6398728569623,0.13873419853671137,0.1015813429077909,0.12629184676313032
507.8233350444783,0.1385868152729144,0.10159746723572971,0.12619922157753727
508.0067972319944,0.13843953983057056,0.1016135208946574,0.12610664443761144
508.1902594195105,0.13829237239878162,0.10162950396307102,0.12601411549541347
508.3737216070266,0.13814531316549689,0.10164541651951173,0.1259216349022523
508.5571837945426,0.1379983623175163,0.10166125864256412,0.12582920280868698
508.7406459820587,0.13785152004049334,0.10167703041085574,0.12573681936452835
508.9241081695748,0.13770478651893803,0.10169273190305654,0.1256444847188411
509.1075703570908,0.13755816193621995,0.10170836319787846,0.12555219901994524
509.29103254460694,0.13741164647457108,0.10172392437407482,0.12545996241541818
509.47449473212293,0.13726524031508885,0.10173941551043986,0.1253677750520964
509.65795691963905,0.13711894363773908,0.10175483668580823,0.12527563707607728
509.8414191071551,0.136972756621359,0.10177018797905446,0.1251835486327209
510.02488129467116,0.13682667944365998,0.10178546946909246,0.12509150986665174
510.2083434821873,0.1366807122812306,0.10180068123487504,0.12499952092176052
510.39180566970333,0.1365348553095398,0.10181582335539345,0.12490758194120617
510.5752678572194,0.1363891087029397,0.10183089590967678,0.12481569306741751
510.75873004473544,0.13624347263466824,0.10184589897679149,0.12472385444209474
510.94219223225156,0.1360979472768527,0.10186083263584104,0.1246320662062119
511.12565441976756,0.13595253280051206,0.10187569696596518,0.12454032850001788
511.30911660728367,0.13580722937556028,0.10189049204633967,0.1244486414630388
511.4925787947997,0.1356620371708092,0.10190521795617555,0.12435700523407953
511.6760409823158,0.13551695635397126,0.10191987477471898,0.12426541995122546
511.8595031698319,0.13537198709166273,0.10193446258125041,0.12417388575184447
512.042965357348,0.13522712954940658,0.10194898145508431,0.12408240277258856
512.226427544864,0.13508238389163502,0.10196343147556859,0.12399097114939558
512.4098897323801,0.13493775028169291,0.1019778127220842,0.12389959101749115
512.5933519198961,0.13479322888184048,0.10199212527404448,0.12380826251139043
512.7768141074122,0.1346488198532562,0.10200636921089494,0.12371698576489983
512.9602762949282,0.13450452335603968,0.10202054461211256,0.1236257609111187
513.1437384824443,0.13436033954921472,0.10203465155720534,0.12353458808244133
513.3272006699605,0.1342162685907321,0.10204869012571202,0.12344346741055859
513.5106628574765,0.13407231063747246,0.10206266039720124,0.12335239902645963
513.6941250449926,0.13392846584524928,0.10207656245127136,0.12326138306043377
513.8775872325086,0.13378473436881183,0.10209039636755005,0.12317041964207234
514.0610494200247,0.1336411163618478,0.10210416222569348,0.12307950890027013
514.2445116075407,0.13349761197698645,0.10211786010538615,0.1229886509632275
514.4279737950568,0.1333542213658015,0.10213149008634033,0.12289784595845206
514.6114359825729,0.1332109446788139,0.10214505224829551,0.12280709401276024
514.794898170089,0.13306778206549466,0.10215854667101809,0.12271639525227933
514.9783603576051,0.13292473367426794,0.1021719734343008,0.12262574980244904
515.1618225451211,0.13278179965251366,0.1021853326179623,0.12253515778802324
515.3452847326372,0.13263898014657066,0.10219862430184667,0.12244461933307198
515.5287469201533,0.13249627530173924,0.10221184856582295,0.12235413456098287
515.7122091076693,0.13235368526228442,0.10222500548978478,0.12226370359446317
515.8956712951854,0.1322112101714385,0.10223809515364982,0.12217332655554136
516.0791334827014,0.13206885017140407,0.10225111763735936,0.12208300356556898
516.2625956702175,0.1319266054033567,0.10226407302087792,0.12199273474522218
516.4460578577336,0.13178447600744797,0.1022769613841926,0.12190252021450376
516.6295200452497,0.13164246212280833,0.1022897828073129,0.12181236009274474
516.8129822327658,0.13150056388754977,0.1023025373702701,0.12172225449860612
516.9964444202818,0.1313587814387689,0.10231522515311678,0.12163220355008061
517.1799066077979,0.13121711491254953,0.1023278462359265,0.1215422073644945
517.3633687953139,0.1310755644439658,0.10234040069879331,0.1214522660585093
517.54683098283,0.1309341301670847,0.1023528886218313,0.12136237974812328
517.730293170346,0.1307928122149692,0.10236531008517409,0.12127254854867364
517.9137553578621,0.13065161071968096,0.10237766516897458,0.12118277257483798
518.0972175453783,0.13051052581228298,0.1023899539534043,0.12109305194063595
518.2806797328942,0.1303695576228427,0.10240217651865305,0.12100338675943112
518.4641419204104,0.13022870628043476,0.1024143329449285,0.12091377714393281
518.6476041079264,0.13008797191314375,0.10242642331245574,0.1208242232061976
518.8310662954425,0.1299473546480668,0.10243844770147688,0.12073472505763108
519.0145284829586,0.12980685461131689,0.10245040619225043,0.12064528280898972
519.1979906704746,0.12966647192802525,0.10246229886505123,0.1205558965703825
519.3814528579907,0.12952620672234452,0.10247412580016965,0.12046656645127281
519.5649150455067,0.129386059117451,0.1024858870779114,0.12037729256047972
519.7483772330229,0.12924602923554812,0.10249758277859689,0.12028807500618015
519.9318394205388,0.12910611719786858,0.10250921298256117,0.12019891389591039
520.115301608055,0.12896632312467765,0.10252077777015312,0.12010980933656785
520.2987637955711,0.12882664713527564,0.10253227722173523,0.12002076143441272
520.4822259830871,0.12868708934800094,0.10254371141768318,0.11993177029506977
520.6656881706032,0.12854764988023254,0.10255508043838527,0.11984283602352996
520.8491503581192,0.12840832884839296,0.10256638436424217,0.11975395872415225
521.0326125456353,0.12826912636795101,0.10257762327566651,0.11966513850066532
521.2160747331513,0.12813004255342453,0.10258879725308234,0.11957637545616902
521.3995369206675,0.12799107751838307,0.10259990637692482,0.11948766969313637
521.5829991081835,0.12785223137545082,0.10261095072763975,0.11939902131341515
521.7664612956996,0.1277135042363094,0.10262193038568312,0.1193104304182296
521.9499234832157,0.12757489621170032,0.10263284543152085,0.11922189710818212
522.1333856707317,0.12743640741142803,0.10264369594562825,0.11913342148325483
522.3168478582478,0.1272980379443624,0.10265448200848967,0.11904500364281148
522.5003100457639,0.12715978791844185,0.10266520370059803,0.11895664368559906
522.6837722332799,0.12702165744067567,0.10267586110245455,0.1188683417097494
522.867234420796,0.12688364661714696,0.10268645429456824,0.11878009781278101
523.0506966083121,0.12674575555301545,0.10269698335745552,0.1186919120916006
523.2341587958281,0.12660798435252008,0.10270744837163981,0.11860378464250483
523.4176209833442,0.12647033311898162,0.10271784941765116,0.11851571556118201
523.6010831708602,0.12633280195480584,0.10272818657602587,0.1184277049427139
523.7845453583764,0.12619539096148571,0.10273845992730604,0.11833975288157712
523.9680075458924,0.12605810023960434,0.10274866955203918,0.11825185947164488
524.1514697334085,0.12592092988883788,0.10275881553077792,0.11816402480618897
524.3349319209245,0.12578388000795768,0.10276889794407951,0.1180762489778809
524.5183941084406,0.12564695069483364,0.1027789168725054,0.117988532078794
524.7018562959566,0.12551014204643657,0.10278887239662107,0.11790087420040504
524.8853184834727,0.1253734541588408,0.10279876459699525,0.11781327543359561
525.0687806709889,0.12523688712722725,0.10280859355420002,0.11772573586865409
525.2522428585048,0.12510044104588564,0.10281835934881003,0.11763825559527719
525.435705046021,0.12496411600821751,0.10282806206140231,0.11755083470257147
525.619167233537,0.12482791210673874,0.10283770177255583,0.11746347327905522
525.8026294210531,0.12469182943308235,0.10284727856285111,0.11737617141266006
525.9860916085692,0.12455586807800104,0.10285679251286999,0.11728892919073246
526.1695537960852,0.12442002813137003,0.10286624370319493,0.11720174670003554
526.3530159836013,0.12428430968218948,0.10287563221440896,0.11711462402675057
526.5364781711173,0.12414871281858757,0.10288495812709522,0.11702756125647898
526.7199403586335,0.12401323762782254,0.10289422152183644,0.11694055847424337
526.9034025461494,0.12387788419628583,0.10290342247921472,0.11685361576448963
527.0868647336656,0.12374265260950465,0.10291256107981106,0.11676673321108857
527.2703269211817,0.12360754295214453,0.1029216374042051,0.11667991089733731
527.4537891086977,0.12347255530801196,0.10293065153297473,0.11659314890596113
527.6372512962138,0.12333768976005699,0.10293960354669565,0.11650644731911489
527.8207134837298,0.12320294639037618,0.10294849352594096,0.11641980621838499
528.0041756712459,0.1230683252802148,0.10295732155128093,0.11633322568479058
528.187637858762,0.12293382650996972,0.10296608770328268,0.11624670579878564
528.3711000462781,0.12279945015919189,0.10297479206250962,0.11616024664026012
528.5545622337942,0.12266519630658915,0.10298343470952118,0.11607384828854195
528.7380244213102,0.12253106503002856,0.10299201572487256,0.11598751082239847
528.9214866088263,0.12239705640653935,0.10300053518911416,0.11590123432003814
529.1049487963423,0.12226317051231521,0.10300899318279148,0.11581501885911201
529.2884109838584,0.12212940742271709,0.10301738978644448,0.11572886451671549
529.4718731713745,0.1219957672122759,0.10302572508060741,0.11564277136938998
529.6553353588905,0.12186224995469466,0.1030339991458085,0.11555673949312421
529.8387975464066,0.12172885572285155,0.10304221206256944,0.11547076896335624
530.0222597339226,0.12159558458880235,0.10305036391140518,0.11538485985497468
530.2057219214388,0.12146243662378298,0.10305845477282352,0.11529901224232061
530.3891841089549,0.12132941189821198,0.10306648472732467,0.11521322619918892
530.5726462964709,0.12119651048169337,0.10307445385540104,0.11512750179883006
530.756108483987,0.12106373244301898,0.103082362237537,0.11504183911395167
530.939570671503,0.12093107785017114,0.10309020995420815,0.11495623821672005
531.1230328590191,0.12079854677032516,0.10309799708588138,0.11487069917876176
531.3064950465351,0.12066613926985192,0.1031057237130143,0.11478522207116533
531.4899572340512,0.12053385541432038,0.10311338991605498,0.1146998069644826
531.6734194215672,0.12040169526850045,0.10312099577544158,0.11461445392873078
531.8568816090834,0.12026965889636494,0.10312854137160207,0.11452916303339347
532.0403437965995,0.12013774636109253,0.10313602678495384,0.11444393434742246
532.2238059841155,0.1200059577250703,0.10314345209590332,0.11435876793923949
532.4072681716316,0.11987429304989602,0.1031508173848458,0.11427366387673754
532.5907303591476,0.11974275239638103,0.103158122732165,0.11418862222728265
532.7741925466637,0.11961133582455237,0.10316536821823266,0.11410364305771525
532.9576547341798,0.11948004339365574,0.10317255392340832,0.11401872643435199
533.1411169216959,0.11934887516215761,0.10317967992803904,0.11393387242298703
533.3245791092119,0.11921783118774784,0.10318674631245894,0.11384908108889373
533.508041296728,0.11908691152734244,0.10319375315698891,0.1137643524968263
533.6915034842441,0.11895611623708573,0.10320070054193639,0.1136796867110212
533.8749656717602,0.11882544537235311,0.10320758854759486,0.11359508379519882
534.0584278592762,0.11869489898775351,0.10321441725424371,0.11351054381256502
534.2418900467923,0.11856447713713156,0.1032211867421478,0.11342606682581244
534.4253522343083,0.1184341798735706,0.10322789709155718,0.1133416528971225
534.6088144218244,0.11830400724939474,0.1032345483827067,0.11325730208816642
534.7922766093405,0.11817395931617167,0.10324114069581587,0.11317301446010741
534.9757387968565,0.11804403612471481,0.1032476741110884,0.11308879007360148
535.1592009843727,0.11791423772508598,0.10325414870871183,0.11300462898879948
535.3426631718886,0.11778456416659791,0.10326056456885743,0.11292053126534855
535.5261253594048,0.11765501549781651,0.10326692177167962,0.11283649696239346
535.7095875469208,0.1175255917665636,0.10327322039731593,0.11275252613857845
535.8930497344369,0.11739629301991905,0.10327946052588652,0.11266861885204846
536.0765119219529,0.11726711930422348,0.10328564223749385,0.11258477516045085
536.259974109469,0.11713807066508057,0.10329176561222249,0.11250099512093677
536.443436296985,0.11700914714735963,0.10329783073013876,0.11241727879016288
536.6268984845011,0.11688034879519786,0.10330383767129037,0.1123336262242927
536.8103606720173,0.11675167565200287,0.10330978651570626,0.11225003747899817
536.9938228595332,0.11662312776045529,0.10331567734339615,0.11216651260946134
537.1772850470494,0.11649470516251079,0.10332151023435028,0.11208305167037544
537.3607472345655,0.11636640789940289,0.10332728526853915,0.11199965471594693
537.5442094220815,0.11623823601164529,0.10333300252591318,0.11191632179989666
537.7276716095976,0.11611018953903418,0.10333866208640238,0.1118330529754615
537.9111337971136,0.11598226852065044,0.10334426402991626,0.11174984829539572
538.0945959846297,0.11585447299486251,0.10334980843634316,0.11166670781197259
538.2780581721457,0.11572680299932858,0.10335529538555033,0.11158363157698592
538.4615203596619,0.11559925857099902,0.10336072495738342,0.11150061964175165
538.6449825471778,0.1154718397461185,0.10336609723166627,0.11141767205710884
538.828444734694,0.11534454656022888,0.10337141228820053,0.11133478887342185
539.0119069222101,0.11521737904817111,0.10337667020676551,0.1112519701405813
539.1953691097261,0.1150903372440879,0.10338187106711771,0.11116921590800577
539.3788312972422,0.11496342118142608,0.10338701494899083,0.11108652622464343
539.5622934847582,0.11483663089293875,0.1033921019320951,0.11100390113897311
539.7457556722743,0.1147099664106878,0.10339713209611727,0.11092134069900614
539.9292178597904,0.1145834277660465,0.10340210552072022,0.11083884495228773
540.1126800473065,0.11445701498970136,0.10340702228554273,0.11075641394589834
540.2961422348225,0.11433072811165486,0.10341188247019917,0.11067404772645531
540.4796044223386,0.11420456716122765,0.10341668615427917,0.11059174634011418
540.6630666098546,0.11407853216706101,0.10342143341734741,0.11050950983257027
540.8465287973708,0.113952623157119,0.10342612433894341,0.11042733824906006
541.0299909848868,0.11382684015869098,0.10343075899858103,0.11034523163436272
541.2134531724029,0.11370118319839376,0.10343533747574837,0.11026319003280145
541.3969153599189,0.11357565230217419,0.10343985984990747,0.11018121348824514
541.580377547435,0.11345024749531112,0.10344432620049408,0.11009930204410956
541.763839734951,0.11332496880241807,0.10344873660691722,0.11001745574335905
541.9473019224671,0.11319981624744539,0.10345309114855905,0.10993567462850791
542.1307641099833,0.11307478985368251,0.1034573899047746,0.10985395874162165
542.3142262974993,0.11294988964376036,0.10346163295489139,0.10977230812431871
542.4976884850154,0.11282511563965361,0.10346582037820942,0.10969072281777181
542.6811506725314,0.11270046786268284,0.1034699522540005,0.10960920286270917
542.8646128600475,0.11257594633351724,0.10347402866150834,0.10952774829941636
543.0480750475635,0.1124515510721763,0.10347804967994809,0.1094463591677373
543.2315372350796,0.11232728209803275,0.10348201538850618,0.10936503550707607
543.4149994225957,0.11220313942981419,0.10348592586634,0.10928377735639801
543.5984616101117,0.11207912308560589,0.10348978119257761,0.10920258475423135
543.7819237976279,0.11195523308285275,0.10349358144631764,0.10912145773866862
543.9653859851439,0.11183146943836168,0.10349732670662884,0.10904039634736798
544.14884817266,0.11170783216830389,0.10350101705254981,0.10895940061755469
544.332310360176,0.11158432128821705,0.10350465256308898,0.10887847058602258
544.5157725476921,0.11146093681300764,0.10350823331722421,0.10879760628913533
544.6992347352082,0.11133767875695308,0.10351175939390236,0.10871680776282795
544.8826969227242,0.11121454713370413,0.1035152308720394,0.10863607504260826
545.0661591102403,0.1110915419562869,0.10351864783051982,0.1085554081635581
545.2496212977563,0.11096866323710548,0.10352201034819657,0.10847480716033504
545.4330834852725,0.11084591098794368,0.10352531850389086,0.10839427206717345
545.6165456727886,0.11072328521996759,0.10352857237639165,0.10831380291788606
545.8000078603046,0.11060078594372773,0.10353177204445567,0.10823339974586543
545.9834700478207,0.11047841316916118,0.10353491758680704,0.10815306258408512
546.1669322353367,0.11035616690559388,0.10353800908213706,0.10807279146510132
546.3503944228528,0.11023404716174286,0.10354104660910388,0.107992586421054
546.5338566103688,0.11011205394571832,0.10354403024633249,0.10791244748366854
546.7173187978849,0.10999018726502593,0.10354696007241422,0.10783237468425697
546.9007809854011,0.10986844712656911,0.10354983616590654,0.10775236805371931
547.084243172917,0.1097468335366509,0.103552658605333,0.10767242762254503
547.2677053604332,0.10962534650097666,0.10355542746918281,0.10759255342081449
547.4511675479492,0.10950398602465561,0.10355814283591072,0.10751274547820008
547.6346297354653,0.10938275211220364,0.10356080478393656,0.10743300382396784
547.8180919229814,0.109261644767545,0.10356341339164532,0.10735332848697865
548.0015541104974,0.10914066399401476,0.10356596873738673,0.10727371949568967
548.1850162980135,0.10901980979436084,0.10356847089947505,0.10719417687815572
548.3684784855295,0.10889908217074624,0.10357091995618876,0.10711470066203063
548.5519406730457,0.10877848112475112,0.10357331598577053,0.10703529087456849
548.7354028605616,0.10865800665737498,0.10357565906642681,0.10695594754262512
548.9188650480778,0.1085376587690388,0.10357794927632769,0.10687667069265945
549.1023272355939,0.10841743745958729,0.10358018669360662,0.10679746035073472
549.2857894231099,0.1082973427282909,0.10358237139636015,0.10671831654251998
549.469251610626,0.10817737457384805,0.10358450346264783,0.10663923929329137
549.652713798142,0.10805753299438703,0.10358658297049186,0.10656022862793339
549.8361759856581,0.10793781798746845,0.103588609997877,0.10648128457094037
550.0196381731741,0.10781822955008713,0.1035905846227501,0.10640240714641766
550.2031003606903,0.10769876767867433,0.1035925069230202,0.10632359637808313
550.3865625482063,0.10757943236909981,0.103594376976558,0.10624485228926835
550.5700247357224,0.10746022361667398,0.10359619486119594,0.10616617490292005
550.7534869232385,0.1073411414161499,0.10359796065472768,0.10608756424160123
550.9369491107545,0.10722218576172549,0.1035996744349081,0.10600902032749279
551.1204112982706,0.1071033566470456,0.10360133627945296,0.10593054318239459
551.3038734857867,0.10698465406520412,0.10360294626603879,0.1058521328277269
551.4873356733027,0.10686607800874584,0.10360450447230254,0.10577378928453159
551.6707978608188,0.10674762846966897,0.10360601097584154,0.10569551257347365
551.8542600483349,0.10662930543942677,0.10360746585421306,0.10561730271484229
552.0377222358509,0.1065111089089299,0.10360886918493425,0.10553915972855236
552.221184423367,0.10639303886854848,0.10361022104548205,0.1054610836341457
552.404646610883,0.10627509530811396,0.1036115215132926,0.10538307445079224
552.5881087983992,0.1061572782169213,0.1036127706657614,0.10530513219729151
552.7715709859152,0.10603958758373103,0.10361396858024292,0.1052272568920738
552.9550331734313,0.10592202339677129,0.10361511533405043,0.10514944855320155
553.1384953609473,0.10580458564373992,0.10361621100445584,0.10507170719837056
553.3219575484634,0.10568727431180643,0.10361725566868936,0.10499403284491135
553.5054197359794,0.10557008938761403,0.10361824940393938,0.10491642550979041
553.6888819234955,0.10545303085728167,0.10361919228735243,0.10483888520961146
553.8723441110117,0.1053360987064061,0.10362008439603268,0.1047614119606168
554.0558062985276,0.105219292920064,0.10362092580704182,0.10468400577868839
554.2392684860438,0.10510261348281369,0.10362171659739901,0.10460666667934948
554.4227306735598,0.10498606037869751,0.1036224568440806,0.10452939467776563
554.6061928610759,0.10486963359124361,0.10362314662401986,0.104452189788746
554.789655048592,0.10475333310346788,0.10362378601410686,0.10437505202674457
554.973117236108,0.10463715889787624,0.10362437509118819,0.10429798140586159
555.1565794236241,0.10452111095646625,0.10362491393206681,0.10422097793984468
555.3400416111401,0.10440518926072968,0.10362540261350203,0.10414404164209023
555.5235037986563,0.10428939379165376,0.10362584121220901,0.10406717252564449
555.7069659861722,0.10417372452972369,0.10362622980485876,0.10399037060320486
555.8904281736884,0.10405818145492456,0.10362656846807776,0.10391363588712133
556.0738903612045,0.10394276454674312,0.10362685727844807,0.10383696838939746
556.2573525487205,0.10382747378416997,0.10362709631250691,0.10376036812169184
556.4408147362366,0.1037123091457012,0.10362728564674653,0.10368383509531916
556.6242769237526,0.10359727060934087,0.10362742535761402,0.10360736932125165
556.8077391112687,0.10348235815260245,0.10362751552151117,0.10353097081012005
556.9912012987847,0.10336757175251117,0.10362755621479416,0.10345463957221526
557.1746634863009,0.10325291138560558,0.1036275475137735,0.103378375617489
557.3581256738169,0.10313837702793989,0.10362748949471375,0.10330217895555557
557.541587861333,0.10302396865508565,0.10362738223383347,0.10322604959569286
557.7250500488491,0.1029096862421337,0.10362722580730485,0.10314998754684343
557.9085122363651,0.10279552976369632,0.10362702029125377,0.10307399281761613
558.0919744238812,0.10268149919390893,0.10362676576175922,0.10299806541628682
558.2754366113973,0.10256759450643194,0.10362646229485369,0.10292220535080003
558.4588987989133,0.10245381567445307,0.10362610996652241,0.10284641262876992
558.6423609864294,0.10234016267068873,0.10362570885270359,0.10277068725748151
558.8258231739454,0.10222663546738639,0.10362525902928803,0.10269502924389204
559.0092853614615,0.10211323403632626,0.10362476057211907,0.10261943859463205
559.1927475489776,0.10199995834882318,0.10362421355699218,0.10254391531600657
559.3762097364937,0.10188680837572858,0.10362361805965517,0.10246845941399643
559.5596719240098,0.10177378408743236,0.1036229741558076,0.10239307089425934
559.7431341115258,0.10166088545386476,0.10362228192110093,0.10231774976213112
559.9265962990419,0.10154811244449828,0.10362154143113814,0.1022424960226271
560.1100584865579,0.10143546502834952,0.10362075276147376,0.10216730968044292
560.293520674074,0.10132294317398105,0.10361991598761341,0.10209219073995601
560.47698286159,0.10121054684950337,0.10361903118501392,0.10201713920522675
560.6604450491062,0.10109827602257657,0.10361809842908298,0.10194215507999953
560.8439072366223,0.10098613066041243,0.1036171177951791,0.10186723836770399
561.0273694241383,0.10087411072977603,0.1036160893586113,0.10179238907145627
561.2108316116544,0.10076221619698802,0.10361501319463903,0.10171760719406013
561.3942937991704,0.10065044702792596,0.10361388937847205,0.10164289273800808
561.5777559866865,0.10053880318802641,0.10361271798527014,0.10156824570548265
561.7612181742026,0.10042728464228687,0.103611499090143,0.10149366609835737
561.9446803617186,0.10031589135526744,0.10361023276815014,0.1014191539181983
562.1281425492347,0.10020462329109261,0.10360891909430073,0.10134470916626473
562.3116047367508,0.10009348041345334,0.1036075581435532,0.10127033184351071
562.4950669242669,0.09998246268560869,0.10360614999081537,0.10119602195058601
562.678529111783,0.09987157007038766,0.1036046947109442,0.10112177948783743
562.861991299299,0.09976080253019101,0.10360319237874556,0.10104760445530973
563.0454534868151,0.09965016002699308,0.10360164306897417,0.100973496852747
563.2289156743311,0.09953964252234357,0.10360004685633335,0.10089945667959363
563.4123778618472,0.09942924997736947,0.10359840381547492,0.10082548393499571
563.5958400493632,0.09931898235277668,0.10359671402099906,0.10075157861780186
563.7793022368793,0.09920883960885188,0.10359497754745409,0.10067774072656452
563.9627644243955,0.09909882170546425,0.10359319446933642,0.10060397025954122
564.1462266119114,0.09898892860206751,0.10359136486109025,0.1005302672146954
564.3296887994276,0.0988791602577013,0.10358948879710757,0.10045663158969793
564.5131509869436,0.09876951663099329,0.10358756635172792,0.10038306338192782
564.6966131744597,0.09865999768016073,0.10358559759923827,0.1003095625884737
564.8800753619757,0.09855060336301238,0.1035835826138729,0.10023612920613478
565.0635375494918,0.09844133363695019,0.10358152146981311,0.100162763231422
565.246999737008,0.09833218845897101,0.10357941424118726,0.10008946466055905
565.4304619245239,0.09822316778566854,0.10357726100207057,0.10001623348948382
565.6139241120401,0.09811427157323478,0.10357506182648483,0.09994306971384904
565.797386299556,0.09800549977746204,0.10357281678839847,0.09986997332902377
565.9808484870722,0.09789685235374461,0.10357052596172629,0.09979694433009433
566.1643106745883,0.0977883292570803,0.1035681894203293,0.09972398271186539
566.3477728621043,0.09767993044207247,0.10356580723801463,0.09965108846886123
566.5312350496204,0.09757165586293162,0.10356337948853551,0.09957826159532673
566.7146972371364,0.09746350547347707,0.1035609062455908,0.09950550208522846
566.8981594246525,0.09735547922713883,0.10355838758282518,0.09943280993225583
567.0816216121685,0.0972475770769591,0.10355582357382878,0.09936018512982207
567.2650837996847,0.09713979897559413,0.1035532142921372,0.09928762767106555
567.4485459872006,0.09703214487531597,0.10355055981123133,0.09921513754885061
567.6320081747168,0.09692461472801396,0.10354786020453713,0.09914271475576883
567.8154703622329,0.09681720848519668,0.10354511554542563,0.09907035928414
567.9989325497489,0.09670992609799346,0.10354232590721268,0.0989980711260133
568.182394737265,0.0966027675171562,0.1035394913631588,0.09892585027316832
568.365856924781,0.09649573269306093,0.10353661198646921,0.09885369671711608
568.5493191122971,0.09638882157570963,0.10353368785029353,0.09878161044910025
568.7327812998132,0.0962820341147318,0.10353071902772575,0.09870959146009814
568.9162434873293,0.09617537025938612,0.10352770559180398,0.09863763974082168
569.0997056748453,0.09606882995856228,0.10352464761551047,0.09856575528171872
569.2831678623614,0.09596241316078244,0.10352154517177137,0.09849393807297381
569.4666300498774,0.09585611981420297,0.10351839833345663,0.09842218810450945
569.6500922373936,0.09574994986661627,0.10351520717337999,0.09835050536598725
569.8335544249096,0.09564390326545207,0.10351197176429854,0.09827888984680855
570.0170166124257,0.09553797995777943,0.10350869217891293,0.09820734153611597
570.2004787999417,0.09543217989030817,0.1035053684898671,0.09813586042279422
570.3839409874578,0.09532650300939059,0.10350200076974814,0.09806444649547112
570.5674031749738,0.09522094926102309,0.10349858909108618,0.09799309974251877
570.7508653624899,0.09511551859084781,0.10349513352635427,0.09792182015205449
570.9343275500061,0.09501021094415425,0.10349163414796828,0.0978506077119419
571.117789737522,0.09490502626588092,0.10348809102828675,0.09777946240979206
571.3012519250382,0.09479996450061684,0.1034845042396108,0.09770838423296425
571.4847141125542,0.0946950255926034,0.10348087385418395,0.09763737316856731
571.6681763000703,0.09459020948573568,0.10347719994419205,0.0975664292034604
571.8516384875863,0.09448551612356426,0.10347348258176317,0.09749555232425422
572.0351006751024,0.09438094544929679,0.10346972183896741,0.097424742517312
572.2185628626185,0.09427649740579949,0.10346591778781689,0.0973539997687504
572.4020250501345,0.0941721719355988,0.10346207050026553,0.09728332406444064
572.5854872376507,0.09406796898088308,0.10345818004820902,0.09721271539000961
572.7689494251667,0.09396388848350407,0.1034542465034846,0.09714217373084065
572.9524116126828,0.09385993038497846,0.1034502699378711,0.09707169907207483
573.1358738001989,0.09375609462648951,0.10344625042308864,0.09700129139861163
573.3193359877149,0.09365238114888866,0.10344218803079866,0.09693095069511033
573.502798175231,0.09354878989269705,0.10343808283260372,0.09686067694599072
573.686260362747,0.09344532079810706,0.10343393490004744,0.09679047013543424
573.8697225502631,0.09334197380498402,0.10342974430461445,0.09672033024738498
574.0531847377791,0.09323874885286755,0.10342551111773006,0.09665025726555061
574.2366469252953,0.0931356458809733,0.10342123541076043,0.09658025117340348
574.4201091128114,0.0930326648281943,0.10341691725501223,0.09651031195418149
574.6035713003274,0.0929298056331028,0.10341255672173275,0.09644043959088922
574.7870334878435,0.09282706823395154,0.10340815388210947,0.09637063406629874
574.9704956753595,0.09272445256867537,0.10340370880727028,0.0963008953629508
575.1539578628756,0.09262195857489285,0.10339922156828327,0.0962312234631557
575.3374200503916,0.09251958618990774,0.10339469223615658,0.09616161834899425
575.5208822379077,0.09241733535071044,0.10339012088183826,0.0960920800023188
575.7043444254238,0.09231520599397969,0.10338550757621626,0.09602260840475424
575.8878066129398,0.09221319805608387,0.1033808523901183,0.09595320353769887
576.071268800456,0.09211131147308278,0.10337615539431175,0.0958838653823256
576.254730987972,0.0920095461807288,0.10337141665950351,0.0958145939195825
576.4381931754881,0.09190790211446875,0.10336663625633995,0.09574538913019422
576.6216553630042,0.09180637920944515,0.1033618142554068,0.09567625099466273
576.8051175505202,0.09170497740049789,0.10335695072722902,0.09560717949326836
576.9885797380363,0.09160369662216554,0.10335204574227078,0.09553817460607063
577.1720419255523,0.09150253680868695,0.10334709937093518,0.09546923631290924
577.3555041130685,0.09140149789400276,0.10334211168356441,0.09540036459340526
577.5389663005844,0.09130057981175681,0.10333708275043947,0.09533155942696178
577.7224284881006,0.09119978249529763,0.10333201264178013,0.09526282079276502
577.9058906756167,0.09109910587767997,0.10332690142774481,0.09519414866978518
578.0893528631327,0.09099854989166625,0.10332174917843048,0.09512554303677753
578.2728150506488,0.09089811446972788,0.10331655596387257,0.09505700387228318
578.4562772381648,0.090797799544047,0.10331132185404504,0.09498853115463018
578.6397394256809,0.09069760504651768,0.10330604691885995,0.09492012486193435
578.8232016131969,0.09059753090874756,0.10330073122816771,0.09485178497210031
579.0066638007131,0.09049757706205908,0.1032953748517568,0.09478351146282224
579.190125988229,0.09039774343749123,0.10328997785935363,0.09471530431158504
579.3735881757452,0.09029802996580075,0.10328454032062259,0.09464716349566507
579.5570503632613,0.09019843657746357,0.10327906230516595,0.09457908899213122
579.7405125507773,0.09009896320267646,0.10327354388252366,0.09451108077784566
579.9239747382934,0.08999960977135821,0.10326798512217335,0.094443138829465
580.1074369258095,0.0899003762131512,0.1032623860935302,0.09437526312344097
580.2908991133255,0.08980126245742275,0.10325674686594692,0.09430745363602147
580.4743613008416,0.08970226843326665,0.1032510675087136,0.09423971034325151
580.6578234883577,0.08960339406950443,0.10324534809105759,0.09417203322097403
580.8412856758737,0.08950463929468686,0.10323958868214356,0.0941044222448308
581.0247478633898,0.08940600403709531,0.10323378935107316,0.09403687739026345
581.2082100509058,0.0893074882247432,0.10322795016688535,0.09396939863251427
581.391672238422,0.0892090917853774,0.10322207119855582,0.09390198594662716
581.575134425938,0.08911081464647953,0.10321615251499724,0.09383463930744844
581.7585966134541,0.08901265673526751,0.10321019418505914,0.09376735868962792
581.9420588009701,0.08891461797869679,0.10320419627752772,0.0937001440676197
582.1255209884862,0.08881669830346181,0.10319815886112578,0.0936329954156829
582.3089831760024,0.08871889763599744,0.1031920820045128,0.09356591270788293
582.4924453635183,0.08862121590248019,0.10318596577628462,0.09349889591809198
582.6759075510345,0.08852365302882977,0.10317981024497366,0.09343194501999022
582.8593697385504,0.0884262089407103,0.10317361547904849,0.09336505998706648
583.0428319260666,0.08832888356353177,0.103167381546914,0.09329824079261914
583.2262941135826,0.08823167682245138,0.10316110851691132,0.0932314874097572
583.4097563010987,0.08813458864237492,0.10315479645731754,0.09316479981140094
583.5932184886148,0.08803761894795797,0.1031484454363459,0.09309817797028291
583.7766806761308,0.0879407676636075,0.10314205552214555,0.09303162185894874
583.9601428636469,0.08784403471348308,0.1031356267828015,0.09296513144975813
584.1436050511629,0.0877474200214981,0.10312915928633451,0.09289870671488545
584.3270672386791,0.08765092351132141,0.10312265310070119,0.092832347626321
584.510529426195,0.0875545451063784,0.10311610829379365,0.09276605415587152
584.6939916137112,0.08745828472985233,0.10310952493343972,0.09269982627516118
584.8774538012273,0.08736214230468582,0.10310290308740264,0.09263366395563255
585.0609159887433,0.08726611775358215,0.10309624282338112,0.09256756716854728
585.2443781762594,0.08717021099900639,0.10308954420900933,0.092501535884987
585.4278403637754,0.0870744219631869,0.10308280731185651,0.09243557007585422
585.6113025512915,0.08697875056811662,0.10307603219942738,0.09236966971187324
585.7947647388075,0.08688319673555427,0.10306921893916174,0.09230383476359082
585.9782269263237,0.0867877603870258,0.10306236759843437,0.09223806520137713
586.1616891138397,0.08669244144382557,0.10305547824455516,0.09217236099542657
586.3451513013558,0.08659723982701767,0.10304855094476903,0.09210672211575864
586.5286134888719,0.08650215545743728,0.10304158576625566,0.09204114853221877
586.7120756763879,0.0864071882556919,0.10303458277612962,0.0919756402144791
586.895537863904,0.08631233814216266,0.10302754204144031,0.09191019713203943
587.07900005142,0.08621760503700553,0.10302046362917165,0.09184481925422788
587.2624622389361,0.08612298886015275,0.10301334760624237,0.09177950655020185
587.4459244264523,0.08602848953131398,0.10300619403950566,0.09171425898894887
587.6293866139683,0.08593410696997753,0.10299900299574924,0.09164907653928724
587.8128488014843,0.08583984109541176,0.10299177454169536,0.09158395916986709
587.9963109890003,0.08574569182666636,0.10298450874400059,0.09151890684917109
588.1797731765165,0.08565165908257341,0.10297720566925572,0.09145391954551517
588.3632353640326,0.08555774278174877,0.10296986538398598,0.09138899722704946
588.5466975515486,0.08546394284259343,0.10296248795465071,0.09132413986175915
588.7301597390648,0.08537025918329456,0.10295507344764336,0.09125934741746515
588.9136219265807,0.08527669172182684,0.10294762192929155,0.09119461986182495
589.0970841140968,0.08518324037595368,0.10294013346585687,0.09112995716233349
589.2805463016128,0.08508990506322861,0.10293260812353493,0.09106535928632391
589.464008489129,0.08499668570099624,0.10292504596845516,0.09100082620096835
589.6474706766451,0.08490358220639374,0.1029174470666809,0.09093635787327876
589.830932864161,0.0848105944963519,0.10290981148420933,0.09087195427010773
590.0143950516772,0.08471772248759643,0.10290213928697131,0.09080761535814923
590.1978572391932,0.08462496609664925,0.1028944305408314,0.09074334110393942
590.3813194267093,0.08453232523982951,0.10288668531158782,0.09067913147385744
590.5647816142254,0.08443979983325492,0.10287890366497236,0.09061498643412622
590.7482438017415,0.08434738979284305,0.10287108566665033,0.09055090595081326
590.9317059892575,0.0842550950343124,0.10286323138222049,0.09048688998983141
591.1151681767735,0.08416291547318358,0.10285534087721507,0.09042293851693961
591.2986303642897,0.08407085102478065,0.10284741421709961,0.09035905149774374
591.4820925518057,0.08397890160423212,0.10283945146727305,0.09029522889769731
591.6655547393218,0.0838870671264724,0.10283145269306757,0.09023147068210233
591.8490169268377,0.08379534750624275,0.1028234179597485,0.09016777681611009
592.0324791143539,0.08370374265809259,0.10281534733251448,0.09010414726472181
592.21594130187,0.08361225249638062,0.10280724087649709,0.0900405819927895
592.399403489386,0.08352087693527604,0.10279909865676111,0.08997708096501669
592.5828656769021,0.08342961588875972,0.10279092073830429,0.08991364414595923
592.7663278644183,0.08333846927062535,0.10278270718605746,0.08985027150002613
592.9497900519343,0.08324743699448059,0.10277445806488421,0.08978696299148001
593.1332522394503,0.08315651897374825,0.10276617343958117,0.08972371858443826
593.3167144269664,0.08306571512166748,0.10275785337487772,0.08966053824287351
593.5001766144825,0.08297502535129495,0.10274949793543606,0.08959742193061457
593.6836388019985,0.08288444957550584,0.1027411071858511,0.08953436961134698
593.8671009895146,0.08279398770699516,0.10273268119065052,0.08947138124861395
594.0505631770308,0.08270363965827884,0.10272422001429453,0.08940845680581697
594.2340253645467,0.08261340534169487,0.10271572372117617,0.0893455962462167
594.4174875520628,0.08252328466940444,0.10270719237562083,0.08928279953293353
594.6009497395789,0.08243327755339308,0.10269862604188662,0.08922006662894853
594.784411927095,0.08234338390547172,0.10269002478416397,0.08915739749710397
594.967874114611,0.08225360363727797,0.10268138866657592,0.08909479210010418
595.151336302127,0.08216393666027712,0.10267271775317781,0.08903225040051635
595.3347984896432,0.08207438288576324,0.10266401210795739,0.08896977236077107
595.5182606771592,0.0819849422248605,0.10265527179483465,0.08890735794316329
595.7017228646753,0.08189561458852393,0.10264649687766203,0.08884500710985276
595.8851850521914,0.08180639988754093,0.1026376874202241,0.08878271982286509
596.0686472397075,0.08171729803253211,0.10262884348623769,0.08872049604409218
596.2521094272234,0.08162830893395248,0.1026199651393517,0.08865833573529318
596.4355716147395,0.08153943250209252,0.10261105244314735,0.08859623885809503
596.6190338022557,0.0814506686470793,0.10260210546113782,0.08853420537399323
596.8024959897717,0.08136201727887764,0.10259312425676839,0.08847223524435263
596.9859581772878,0.08127347830729106,0.10258410889341638,0.08841032843040803
597.1694203648037,0.081185051641963,0.10257505943439109,0.08834848489326497
597.3528825523199,0.08109673719237781,0.10256597594293382,0.08828670459390048
597.536344739836,0.08100853486786184,0.1025568584822177,0.08822498749316358
597.719806927352,0.08092044457758464,0.1025477071153478,0.08816333355177625
597.9032691148682,0.08083246623055976,0.10253852190536109,0.08810174273033393
598.0867313023842,0.08074459973564621,0.10252930291522629,0.08804021498930635
598.2701934899003,0.08065684500154917,0.10252005020784385,0.08797875028903815
598.4536556774162,0.08056920193682125,0.10251076384604625,0.08791734858974967
598.6371178649324,0.08048167044986353,0.10250144389259733,0.08785600985153749
598.8205800524485,0.08039425044892651,0.10249209041019289,0.08779473403437528
599.0040422399645,0.08030694184211126,0.1024827034614603,0.08773352109811436
599.1875044274807,0.08021974453737049,0.10247328310895856,0.08767237100248454
599.3709666149967,0.08013265844250952,0.10246382941517829,0.08761128370709462
599.5544288025127,0.0800456834651874,0.1024543424425417,0.08755025917143329
599.7378909900287,0.07995881951291785,0.10244482225340257,0.08748929735486963
599.9213531775449,0.0798720664930704,0.10243526891004609,0.0874283982166538
600.104815365061,0.07978542431287136,0.10242568247468901,0.08736756171591788
600.288277552577,0.07969889287940493,0.10241606300947959,0.0873067878116764
600.4717397400932,0.07961247209961413,0.10240641057649738,0.08724607646282702
600.6552019276091,0.07952616188030187,0.10239672523775349,0.08718542762815132
600.8386641151252,0.07943996212813195,0.10238700705519041,0.08712484126631534
601.0221263026413,0.0793538727496301,0.10237725609068186,0.08706431733587026
601.2055884901574,0.07926789365118499,0.10236747240603301,0.08700385579525316
601.3890506776735,0.07918202473904931,0.10235765606298024,0.08694345660278764
601.5725128651894,0.07909626591934057,0.10234780712319128,0.08688311971668437
601.7559750527055,0.07901061709804237,0.10233792564826519,0.086822845095042
601.9394372402217,0.07892507818100522,0.10232801169973207,0.08676263269584754
602.1228994277377,0.07883964907394761,0.10231806533905341,0.08670248247697726
602.3063616152538,0.07875432968245695,0.10230808662762181,0.0866423943961971
602.4898238027699,0.07866911991199063,0.10229807562676108,0.08658236841116354
602.6732859902859,0.07858401966787706,0.1022880323977261,0.08652240447942419
602.8567481778019,0.07849902885531639,0.10227795700170295,0.0864625025584183
603.040210365318,0.07841414737938181,0.10226784949980876,0.08640266260547758
603.2236725528342,0.07832937514502036,0.10225770995309183,0.08634288457782681
603.4071347403502,0.078244712057054,0.1022475384225314,0.0862831684325844
603.5905969278663,0.07816015802018045,0.10223733496903789,0.08622351412676317
603.7740591153823,0.07807571293897428,0.10222709965345263,0.0861639216172708
603.9575213028984,0.07799137671788779,0.10221683253654798,0.08610439086091062
604.1409834904144,0.07790714926125207,0.10220653367902735,0.0860449218143822
604.3244456779305,0.0778230304732779,0.10219620314152514,0.085985514434282
604.5079078654467,0.07773902025805672,0.10218584098460652,0.08592616867710393
604.6913700529627,0.07765511851956146,0.10217544726876784,0.08586688449924004
604.8748322404787,0.07757132516164778,0.10216502205443619,0.08580766185698116
605.0582944279948,0.07748764008805477,0.10215456540196961,0.08574850070651749
605.2417566155109,0.07740406320240598,0.10214407737165702,0.08568940100393921
605.425218803027,0.07732059440821033,0.1021335580237183,0.08563036270523718
605.608680990543,0.07723723360886312,0.10212300741830412,0.08557138576630341
605.7921431780592,0.0771539807076469,0.10211242561549597,0.08551247014293192
605.9756053655751,0.07707083560773237,0.10210181267530613,0.08545361579081902
606.1590675530912,0.07698779821217946,0.10209116865767784,0.08539482266556427
606.3425297406072,0.0769048684239381,0.10208049362248509,0.08533609072267086
606.5259919281234,0.07682204614584918,0.10206978762953249,0.0852774199175463
606.7094541156395,0.07673933128064556,0.10205905073855563,0.08521881020550301
606.8929163031554,0.07665672373095282,0.1020482830092208,0.08516026154175896
607.0763784906716,0.0765742233992904,0.10203748450112507,0.08510177388143826
607.2598406781876,0.07649183018807226,0.10202665527379613,0.0850433471795717
607.4433028657037,0.076409543999608,0.10201579538669256,0.08498498139109747
607.6267650532197,0.0763273647361036,0.10200490489920355,0.0849266764708616
607.8102272407359,0.07624529229966255,0.101993983870649,0.08486843237361881
607.9936894282519,0.07616332659228639,0.10198303236027957,0.08481024905403274
608.1771516157679,0.07608146751587594,0.10197205042727661,0.08475212646667687
608.3606138032841,0.0759997149722321,0.10196103813075211,0.084694064566035
608.5440759908001,0.07591806886305658,0.10194999552974868,0.08463606330650174
608.7275381783162,0.075836529089953,0.10193892268323972,0.08457812264238322
608.9110003658321,0.07575509555442775,0.10192781965012918,0.08452024252789772
609.0944625533483,0.07567376815789069,0.10191668648925171,0.08446242291717602
609.2779247408644,0.07559254680165621,0.10190552325937259,0.08440466376426228
609.4613869283804,0.07551143138694406,0.10189433001918773,0.08434696502311437
609.6448491158966,0.07543042181488013,0.10188310682732363,0.0842893266476046
609.8283113034126,0.07534951798649749,0.10187185374233751,0.08423174859152023
610.0117734909287,0.0752687198027371,0.10186057082271713,0.08417423080856408
610.1952356784446,0.07518802716444875,0.10184925812688088,0.08411677325235506
610.3786978659608,0.07510743997239193,0.10183791571317771,0.08405937587642881
610.5621600534769,0.07502695812723667,0.10182654363988726,0.08400203863423818
610.7456222409929,0.07494658152956436,0.10181514196521971,0.08394476147915389
610.929084428509,0.0748663100798686,0.10180371074731578,0.08388754436446494
611.1125466160252,0.0747861436785562,0.10179225004424693,0.08383038724337943
611.2960088035411,0.07470608222594775,0.10178075991401506,0.0837732900690249
611.4794709910572,0.07462612562227874,0.10176924041455274,0.0837162527944489
611.6629331785733,0.07454627376770023,0.10175769160372305,0.08365927537261972
611.8463953660894,0.07446652656227974,0.10174611353931975,0.0836023577564268
612.0298575536054,0.07438688390600214,0.10173450627906708,0.08354549989868128
612.2133197411214,0.07430734569877027,0.10172286988061993,0.08348870175211662
612.3967819286376,0.07422791184040609,0.10171120440156371,0.08343196326938915
612.5802441161536,0.07414858223065124,0.10169950989941445,0.08337528440307858
612.7637063036697,0.07406935676916807,0.10168778643161869,0.08331866510568856
612.9471684911858,0.0739902353555402,0.10167603405555366,0.08326210532964724
613.1306306787019,0.07391121788927354,0.10166425282852702,0.0832056050273077
613.3140928662178,0.07383230426979717,0.1016524428077771,0.08314916415094874
613.4975550537339,0.07375349439646388,0.10164060405047277,0.08309278265277523
613.6810172412501,0.07367478816855119,0.10162873661371348,0.0830364604849186
613.8644794287661,0.07359618548526217,0.10161684055452935,0.0829801975994376
614.0479416162822,0.07351768624572608,0.10160491592988093,0.08292399394831862
614.2314038037983,0.07343929034899929,0.10159296279665944,0.08286784948347634
614.4148659913143,0.0733609976940661,0.10158098121168672,0.08281176415675424
614.5983281788303,0.07328280817983938,0.10156897123171511,0.08275573791992503
614.7817903663464,0.07320472170516164,0.10155693291342767,0.08269977072469145
614.9652525538626,0.07312673816880547,0.10154486631343791,0.0826438625226864
615.1487147413786,0.07304885746947463,0.10153277148828999,0.08258801326547383
615.3321769288947,0.07297107950580466,0.10152064849445878,0.08253222290454905
615.5156391164106,0.07289340417636368,0.10150849738834962,0.08247649139133925
615.6991013039268,0.07281583137965332,0.1014963182262986,0.08242081867720427
615.8825634914429,0.07273836101410919,0.10148411106457236,0.08236520471343672
616.0660256789589,0.07266099297810202,0.10147187595936809,0.08230964945126282
616.2494878664751,0.07258372716993816,0.10145961296681379,0.08225415284184281
616.4329500539911,0.07250656348786041,0.10144732214296796,0.08219871483627136
616.6164122415071,0.0724295018300489,0.1014350035438198,0.08214333538557829
616.7998744290231,0.07235254209462168,0.10142265722528918,0.08208801444072884
616.9833366165393,0.0722756841796356,0.10141028324322657,0.08203275195262438
617.1667988040554,0.07219892798308702,0.1013978816534132,0.08197754787210283
617.3502609915714,0.07212227340291255,0.10138545251156098,0.08192240214993915
617.5337231790876,0.07204572033698993,0.10137299587331232,0.08186731473684587
617.7171853666035,0.07196926868313845,0.10136051179424059,0.08181228558347356
617.9006475541196,0.07189291833912018,0.10134800032984972,0.0817573146404114
618.0841097416356,0.07181666920264032,0.10133546153557434,0.08170240185818761
618.2675719291518,0.07174052117134806,0.10132289546677982,0.08164754718726994
618.4510341166679,0.07166447414283733,0.10131030217876229,0.08159275057806617
618.6344963041838,0.07158852801464757,0.10129768172674866,0.08153801198092472
618.8179584917,0.07151268268426446,0.10128503416589651,0.08148333134613497
619.001420679216,0.07143693804912055,0.10127235955129425,0.08142870862392781
619.1848828667321,0.07136129400659608,0.10125965793796102,0.08137414376447619
619.3683450542482,0.07128575045401969,0.10124692938084678,0.08131963671789552
619.5518072417643,0.07121030728866912,0.10123417393483228,0.0812651874342442
619.7352694292803,0.07113496440777198,0.10122139165472901,0.08121079586352409
619.9187316167963,0.0710597217085063,0.10120858259527947,0.08115646195568098
620.1021938043124,0.07098457908800161,0.10119574681115681,0.08110218566060515
620.2856559918285,0.07090953644333922,0.1011828843569651,0.08104796692813167
620.4691181793446,0.07083459367155318,0.10116999528723924,0.08099380570804107
620.6525803668607,0.07075975066963089,0.10115707965644512,0.08093970195005969
620.8360425543767,0.07068500733451388,0.1011441375189794,0.0808856556038602
621.0195047418928,0.07061036356309855,0.10113116892916969,0.08083166661906213
621.2029669294088,0.07053581925223672,0.10111817394127451,0.08077773494523216
621.3864291169249,0.07046137429873636,0.10110515260948327,0.08072386053188478
621.5698913044411,0.0703870285993624,0.1010921049879164,0.08067004332848264
621.7533534919571,0.07031278205083732,0.10107903113062526,0.08061628328443711
621.936815679473,0.07023863454984185,0.10106593109159223,0.0805625803491086
622.1202778669892,0.07016458599301563,0.10105280492473068,0.08050893447180718
622.3037400545053,0.07009063627695808,0.10103965268388486,0.08045534560179293
622.4872022420213,0.07001678529822881,0.10102647442283023,0.08040181368827651
622.6706644295374,0.0699430329533484,0.1010132701952732,0.08034833868041939
622.8541266170536,0.06986937913879918,0.10100004005485122,0.08029492052733458
623.0375888045695,0.0697958237510258,0.10098678405513295,0.08024155917808698
623.2210509920856,0.06972236668643593,0.10097350224961792,0.08018825458169375
623.4045131796017,0.0696490078414009,0.10096019469173698,0.08013500668712482
623.5879753671178,0.06957574711225639,0.10094686143485207,0.08008181544330341
623.7714375546338,0.06950258439530313,0.10093350253225622,0.08002868079910634
623.9548997421498,0.06942951958680746,0.1009201180371736,0.0799756027033646
624.138361929666,0.06935655258300212,0.10090670800275972,0.07992258110486371
624.321824117182,0.06928368328008676,0.10089327248210112,0.0798696159523442
624.5052863046981,0.06921091157422872,0.10087981152821571,0.07981670719450204
624.6887484922141,0.0691382373615636,0.10086632519405254,0.07976385477998908
624.8722106797303,0.06906566053819606,0.10085281353249201,0.07971105865741361
625.0556728672462,0.06899318100020016,0.10083927659634577,0.07965831877534049
625.2391350547623,0.0689207986436203,0.10082571443835678,0.07960563508229189
625.4225972422785,0.06884851336447173,0.10081212711119929,0.07955300752674757
625.6060594297945,0.06877632505874122,0.10079851466747895,0.07950043605714537
625.7895216173106,0.06870423362238769,0.10078487715973279,0.07944792062188163
625.9729838048266,0.0686322389513428,0.10077121464042918,0.07939546116931157
626.1564459923427,0.06856034094151169,0.10075752716196792,0.07934305764774982
626.3399081798588,0.06848853948877351,0.10074381477668029,0.07929071000547072
626.5233703673748,0.06841683448898206,0.10073007753682899,0.07923841819070886
626.706832554891,0.06834522583796646,0.10071631549460817,0.07918618215165941
626.890294742407,0.06827371343153171,0.10070252870214355,0.07913400183647859
627.0737569299231,0.06820229716545945,0.10068871721149233,0.07908187719328413
627.257219117439,0.06813097693550832,0.10067488107464326,0.07902980817015556
627.4406813049552,0.06805975263741482,0.10066102034351665,0.07897779471513475
627.6241434924713,0.06798862416689386,0.10064713506996448,0.0789258367762263
627.8076056799873,0.06791759141963925,0.1006332253057703,0.07887393430139797
627.9910678675035,0.0678466542913245,0.1006192911026493,0.07882208723858095
628.1745300550195,0.06777581267760321,0.10060533251224839,0.07877029553567043
628.3579922425355,0.06770506647410991,0.10059134958614604,0.07871855914052603
628.5414544300515,0.06763441557646041,0.10057734237585261,0.07866687800097201
628.7249166175677,0.06756385988025267,0.10056331093281017,0.07861525206479794
628.9083788050838,0.06749339928106712,0.1005492553083924,0.07856368127975885
629.0918409925998,0.0674230336744675,0.10053517555390501,0.07851216559357589
629.275303180116,0.06735276295600127,0.10052107172058529,0.07846070495393642
629.4587653676319,0.06728258702120027,0.10050694385960268,0.07840929930849475
629.642227555148,0.06721250576558137,0.10049279202205816,0.07835794860487226
629.825689742664,0.06714251908464688,0.10047861625898491,0.07830665279065799
630.0091519301802,0.06707262687388535,0.1004644166213478,0.07825541181340893
630.1926141176963,0.06700282902877203,0.10045019316004375,0.07820422562065045
630.3760763052122,0.06693312544476938,0.10043594592590181,0.07815309415987669
630.5595384927283,0.06686351601732782,0.10042167496968275,0.07810201737855096
630.7430006802444,0.06679400064188615,0.10040738034207959,0.07805099522410605
630.9264628677605,0.06672457921387223,0.10039306209371739,0.07800002764394484
631.1099250552766,0.06665525162870342,0.10037872027515327,0.07794911458544038
631.2933872427927,0.06658601778178735,0.10036435493687645,0.07789825599593656
631.4768494303087,0.06651687756852227,0.10034996612930838,0.0778474518227483
631.6603116178247,0.06644783088429769,0.10033555390280258,0.07779670201316198
631.8437738053408,0.06637887762449501,0.1003211183076449,0.07774600651443592
632.027235992857,0.06631001768448803,0.10030665939405337,0.07769536527380068
632.210698180373,0.06624125095964348,0.10029217721217827,0.07764477823845942
632.3941603678891,0.06617257734532155,0.10027767181210219,0.07759424535558826
632.5776225554051,0.06610399673687653,0.10026314324384007,0.07754376657233678
632.7610847429212,0.06603550902965724,0.10024859155733926,0.07749334183582825
632.9445469304372,0.06596711411900777,0.10023401680247938,0.07744297109316015
633.1280091179533,0.06589881190026774,0.10021941902907264,0.07739265429140436
633.3114713054695,0.06583060226877321,0.10020479828686346,0.07734239137760775
633.4949334929855,0.06576248511985686,0.10019015462552897,0.07729218229879237
633.6783956805015,0.0656944603488487,0.10017548809467872,0.07724202700195584
633.8618578680176,0.06562652785107659,0.10016079874385482,0.07719192543407186
634.0453200555337,0.06555868752186682,0.10014608662253197,0.07714187754209036
634.2287822430497,0.06549093925654452,0.10013135178011745,0.07709188327293806
634.4122444305658,0.06542328295043434,0.10011659426595118,0.07704194257351872
634.595706618082,0.06535571849886085,0.10010181412930583,0.07699205539071355
634.7791688055979,0.06528824579714916,0.10008701141938663,0.07694222167138155
634.962630993114,0.0652208647406253,0.10007218618533176,0.07689244136235987
635.14609318063,0.06515357522461693,0.10005733847621197,0.07684271441046411
635.3295553681462,0.06508637714445376,0.10004246834103095,0.07679304076248886
635.5130175556623,0.06501927039546804,0.10002757582872517,0.07674342036520784
635.6964797431782,0.06495225487299512,0.100012660988164,0.07669385316537433
635.8799419306944,0.06488533047237391,0.09999772386814972,0.0766443391097216
636.0634041182104,0.06481849708894752,0.09998276451741751,0.07659487814496316
636.2468663057265,0.0647517546180636,0.09996778298463557,0.07654547021779312
636.4303284932425,0.06468510295507497,0.0999527793184051,0.07649611527488663
636.6137906807587,0.06461854199533999,0.09993775356726033,0.07644681326290009
636.7972528682747,0.0645520716342233,0.09992270577966862,0.07639756412847162
636.9807150557907,0.06448569176709601,0.09990763600403042,0.07634836781822132
637.1641772433069,0.0644194022893365,0.09989254428867929,0.07629922427875166
637.3476394308229,0.06435320309633068,0.09987743068188201,0.0762501334566478
637.531101618339,0.06428709408347258,0.09986229523183858,0.07620109529847788
637.714563805855,0.06422107514616487,0.09984713798668225,0.07615210975079352
637.8980259933711,0.06415514617981935,0.09983195899447962,0.07610317676012998
638.0814881808872,0.06408930707985731,0.09981675830323054,0.07605429627300661
638.2649503684032,0.06402355774171017,0.09980153596086826,0.07600546823592705
638.4484125559194,0.0639578980608199,0.09978629201525945,0.07595669259537977
638.6318747434354,0.06389232793263952,0.09977102651420415,0.07590796929783819
638.8153369309515,0.06382684725263353,0.09975573950543597,0.07585929828976122
638.9987991184674,0.06376145591627844,0.09974043103662202,0.0758106795175934
639.1822613059836,0.06369615381906317,0.09972510115536289,0.0757621129277653
639.3657234934997,0.0636309408564897,0.09970974990919276,0.07571359846669387
639.5491856810157,0.06356581692407332,0.0996943773455796,0.07566513608078282
639.7326478685318,0.06350078191734322,0.09967898351192485,0.07561672571642276
639.916110056048,0.06343583573184298,0.09966356845556372,0.07556836731999174
640.0995722435639,0.06337097826313096,0.0996481322237652,0.07552006083785542
640.28303443108,0.06330620940678076,0.09963267486373198,0.07547180621636743
640.4664966185961,0.06324152905838183,0.09961719642260064,0.07542360340186975
640.6499588061122,0.0631769371135397,0.0996016969474416,0.075375452340693
640.8334209936282,0.0631124334678766,0.09958617648525915,0.07532735297915662
641.0168831811442,0.06304801801703185,0.09957063508299155,0.07527930526356941
641.2003453686604,0.0629836906566624,0.09955507278751097,0.07523130914022973
641.3838075561764,0.06291945128244311,0.09953948964562369,0.07518336455542578
641.5672697436925,0.0628552997900674,0.09952388570406995,0.075135471455436
641.7507319312086,0.06279123607524759,0.09950826100952412,0.07508762978652932
641.9341941187247,0.06272726003371527,0.0994926156085947,0.07503983949496547
642.1176563062406,0.06266337156122191,0.09947694954782438,0.0749921005269953
642.3011184937567,0.06259957055353922,0.09946126287369003,0.0749444128288611
642.4845806812729,0.0625358569064596,0.09944555563260281,0.07489677634679699
642.6680428687889,0.062472230515796555,0.09942982787090816,0.074849191027029
642.851505056305,0.062408691277385096,0.09941407963488583,0.07480165681577551
643.0349672438211,0.06234523908708234,0.09939831097074994,0.07475417365924766
643.2184294313371,0.06228187384076772,0.09938252192464911,0.0747067415036495
643.4018916188531,0.062218595434343625,0.0993667125426663,0.07465936029517825
643.5853538063692,0.062155403763735614,0.09935088287081908,0.0746120299800248
643.7688159938854,0.062092298724893046,0.09933503295505948,0.07456475050437379
643.9522781814014,0.06202928021378936,0.09931916284127415,0.07451752181440403
644.1357403689175,0.06196634812642262,0.09930327257528435,0.07447034385628883
644.3192025564334,0.061903502358815796,0.09928736220284605,0.07442321657619617
644.5026647439496,0.06184074280701731,0.09927143176964982,0.07437613992028907
644.6861269314657,0.06177806936710138,0.09925548132132113,0.0743291138347259
644.8695891189817,0.06171548193516847,0.09923951090342013,0.0742821382656606
645.0530513064979,0.061652980407345605,0.09922352056144183,0.074235213159243
645.2365134940139,0.06159056467978702,0.09920751034081615,0.07418833846161915
645.4199756815299,0.061528234648674296,0.09919148028690795,0.0741415141189316
645.6034378690459,0.06146599021021694,0.09917543044501695,0.0740947400773196
645.7869000565621,0.0614038312606527,0.09915936086037799,0.07404801628291943
645.9703622440782,0.061341757696248056,0.09914327157816095,0.07400134268186481
646.1538244315942,0.061279769413298615,0.09912716264347073,0.07395471922028699
646.3372866191104,0.06121786630812932,0.09911103410134739,0.07390814584431506
646.5207488066263,0.061156048277095185,0.09909488599676627,0.07386162250007638
646.7042109941424,0.061094315216581395,0.09907871837463783,0.07381514913369677
646.8876731816584,0.061032667023003896,0.09906253127980784,0.07376872569130069
647.0711353691746,0.06097110359280962,0.09904632475705742,0.0737223521190117
647.2545975566907,0.060909624822477026,0.09903009885110298,0.07367602836295252
647.4380597442066,0.06084823060851643,0.0990138536065964,0.07362975436924558
647.6215219317228,0.060786920847470394,0.09899758906812492,0.07358353008401304
647.8049841192388,0.06072569543591409,0.0989813052802114,0.07353735545337717
647.9884463067549,0.060664554270455716,0.09896500228731417,0.07349123042346063
648.171908494271,0.06060349724773689,0.09894868013382713,0.07344515494038674
648.3553706817871,0.06054252426443302,0.09893233886407983,0.0733991289502797
648.5388328693031,0.06048163521725364,0.09891597852233748,0.0733531523992649
648.7222950568191,0.060420830002942814,0.09889959915280104,0.07330722523346918
648.9057572443352,0.060360108518279595,0.09888320079960723,0.0732613473990211
649.0892194318513,0.06029947066007828,0.09886678350682858,0.07321551884205117
649.2726816193674,0.06023891632518884,0.09885034731847349,0.07316973950869221
649.4561438068835,0.06017844541049723,0.09883389227848623,0.07312400934507943
649.6396059943995,0.06011805781292586,0.09881741843074707,0.07307832829735086
649.8230681819156,0.060057753429433966,0.09880092581907221,0.0730326963116476
650.0065303694316,0.05999753215701782,0.09878441448721398,0.07298711333411398
650.1899925569477,0.059937393892711244,0.09876788447886073,0.07294157931089787
650.3734547444639,0.059877338533585914,0.09875133583763693,0.0728960941881509
650.5569169319799,0.059817365976751725,0.09873476860710337,0.07285065791202885
650.7403791194959,0.05975747611935719,0.09871818283075688,0.07280527042869173
650.923841307012,0.05969766885858972,0.09870157855203078,0.07275993168430414
651.1073034945281,0.059637944091676054,0.09868495581429451,0.07271464162503546
651.2907656820441,0.05957830171588252,0.09866831466085403,0.07266940019706017
651.4742278695602,0.059518741628515545,0.09865165513495164,0.07262420734655804
651.6576900570764,0.05945926372692186,0.09863497727976618,0.07257906301971448
651.8411522445923,0.05939986790848891,0.09861828113841291,0.07253396716272056
652.0246144321084,0.05934055407064518,0.09860156675394374,0.07248891972177354
652.2080766196245,0.05928132211086051,0.09858483416934713,0.0724439206430769
652.3915388071406,0.05922217192664658,0.09856808342754828,0.07239896987284077
652.5750009946566,0.05916310341555707,0.09855131457140903,0.07235406735728198
652.7584631821726,0.05910411647518813,0.09853452764372801,0.0723092130426244
652.9419253696888,0.059045211003178624,0.09851772268724063,0.07226440687509925
653.1253875572048,0.05898638689721053,0.09850089974461917,0.0722196488009452
653.3088497447209,0.0589276440550093,0.09848405885847282,0.0721749387664087
653.4923119322369,0.05886898237434409,0.09846720007134774,0.07213027671774416
653.6757741197531,0.0588104017530283,0.09845032342572702,0.07208566260121438
653.859236307269,0.05875190208891958,0.09843342896403089,0.07204109636309043
654.0426984947851,0.05869348327992045,0.09841651672861661,0.0719965779496522
654.2261606823013,0.058635145223978516,0.09839958676177861,0.07195210730718848
654.4096228698173,0.05857688781908675,0.09838263910574856,0.07190768438199727
654.5930850573334,0.05851871096328394,0.09836567380269533,0.07186330912038597
654.7765472448494,0.05846061455465488,0.09834869089472506,0.07181898146867156
654.9600094323655,0.058402598491330726,0.09833169042388133,0.07177470137318095
655.1434716198816,0.05834466267148943,0.09831467243214505,0.07173046878025116
655.3269338073976,0.05828680699335596,0.09829763696143458,0.07168628363622953
655.5103959949138,0.05822903135520251,0.09828058405360583,0.0716421458874739
655.6938581824298,0.05817133565534908,0.09826351375045218,0.07159805548035299
655.8773203699459,0.05811371979216353,0.09824642609370465,0.07155401236124641
656.0607825574618,0.05805618366406205,0.09822932112503194,0.07151001647654509
656.244244744978,0.0579987271695094,0.09821219888604037,0.07146606777265135
656.4277069324941,0.05794135020701929,0.09819505941827408,0.07142216619597927
656.6111691200101,0.057884052675154604,0.09817790276321499,0.07137831169295479
656.7946313075263,0.057826834472527754,0.09816072896228285,0.07133450421001593
656.9780934950423,0.05776969549780094,0.09814353805683534,0.0712907436936131
657.1615556825583,0.05771263564968652,0.0981263300881681,0.07124703009020925
657.3450178700743,0.057655654826947254,0.09810910509751473,0.07120336334628011
657.5284800575905,0.057598752928396654,0.09809186312604694,0.07115974340831438
657.7119422451066,0.05754192985289924,0.09807460421487449,0.071116170222814
657.8954044326226,0.05748518549937085,0.09805732840504536,0.07107264373629432
658.0788666201386,0.057428519766778895,0.09804003573754572,0.07102916389528431
658.2623288076547,0.05737193255414282,0.09802272625329997,0.07098573064632685
658.4457909951708,0.0573154237605341,0.09800539999317084,0.07094234393597879
658.6292531826869,0.05725899328507683,0.09798805699795946,0.07089900371081127
658.812715370203,0.057202641026947866,0.09797069730840531,0.07085570991741
658.9961775577191,0.057146366885377074,0.09795332096518641,0.07081246250237529
659.179639745235,0.05709017075964775,0.09793592800891929,0.07076926141232237
659.3631019327511,0.05703405254909675,0.09791851848015902,0.0707261065938816
659.5465641202672,0.05697801215311493,0.09790109241939933,0.0706829979936986
659.7300263077833,0.056922049471147304,0.09788364986707258,0.07063993555843456
659.9134884952994,0.056866164402693375,0.09786619086354993,0.07059691923476635
660.0969506828155,0.05681035684730747,0.09784871544914127,0.07055394896938683
660.2804128703315,0.05675462670459887,0.09783122366409533,0.07051102470900486
660.4638750578475,0.05669897387423219,0.09781371554859976,0.07046814640034574
660.6473372453636,0.05664339825592772,0.09779619114278112,0.07042531399015127
660.8307994328798,0.05658789974946156,0.09777865048670505,0.07038252742517999
661.0142616203958,0.05653247825466594,0.0977610936203761,0.07033978665220732
661.1977238079119,0.05647713367142952,0.09774352058373804,0.07029709161802582
661.3811859954279,0.056421865899697624,0.09772593141667374,0.07025444226944541
661.564648182944,0.05636667483947252,0.09770832615900527,0.07021183855329348
661.74811037046,0.056311560390813684,0.09769070485049398,0.07016928041641514
661.9315725579761,0.05625652245383815,0.09767306753084057,0.07012676780567342
662.1150347454923,0.05620156092872055,0.09765541423968503,0.07008430066794946
662.2984969330083,0.056146675715693636,0.09763774501660685,0.07004187895014265
662.4819591205243,0.056091866715048344,0.09762005990112502,0.06999950259917088
662.6654213080403,0.05603713382713419,0.09760235893269789,0.06995717156197072
662.8488834955565,0.05598247695235947,0.09758464215072357,0.06991488578549762
663.0323456830725,0.05592789599119148,0.0975669095945397,0.06987264521672605
663.2158078705886,0.05587339084415679,0.09754916130342373,0.06983044980264969
663.3992700581048,0.055818961411841575,0.09753139731659277,0.06978829949028173
663.5827322456207,0.05576460759489177,0.0975136176732037,0.06974619422665487
663.7661944331368,0.055710329294013386,0.09749582241235336,0.0697041339588217
663.9496566206528,0.055656126409972716,0.09747801157307841,0.06966211863385477
664.133118808169,0.05560199884359658,0.09746018519435548,0.0696201481988467
664.3165809956851,0.05554794649577259,0.09744234331510132,0.06957822260091058
664.500043183201,0.05549396926744943,0.09742448597417261,0.06953634178717995
664.6835053707172,0.05544006705963707,0.09740661321036627,0.06949450570480911
664.8669675582332,0.05538623977340692,0.09738872506241933,0.06945271430097319
665.0504297457493,0.05533248730989234,0.09737082156900909,0.06941096752286846
665.2338919332653,0.05527880957028843,0.09735290276875312,0.06936926531771233
665.4173541207815,0.05522520645585279,0.09733496870020938,0.06932760763274375
665.6008163082975,0.05517167786790535,0.09731701940187623,0.06928599441522318
665.7842784958135,0.05511822370782883,0.09729905491219241,0.06924442561243292
665.9677406833297,0.05506484387706887,0.0972810752695373,0.06920290117167718
666.1512028708457,0.05501153827713433,0.09726308051223073,0.0691614210402823
666.3346650583618,0.05495830680959739,0.09724507067853322,0.06911998516559689
666.5181272458778,0.054905149376094045,0.09722704580664593,0.06907859349499211
666.7015894333939,0.054852065878324016,0.0972090059347108,0.06903724597586164
666.88505162091,0.05479905621805124,0.09719095110081047,0.06899594255562205
667.068513808426,0.054746120297103906,0.09717288134296859,0.06895468318171287
667.2519759959421,0.054693258017374846,0.09715479669914953,0.0689134678015968
667.4354381834582,0.05464046928082161,0.09713669720725873,0.06887229636275981
667.6189003709743,0.05458775398946678,0.09711858290514265,0.06883116881271138
667.8023625584902,0.0545351120453982,0.09710045383058871,0.06879008509898467
667.9858247460064,0.05448254335076911,0.09708231002132563,0.0687490451691366
668.1692869335225,0.054430047807798435,0.0970641515150231,0.06870804897074807
668.3527491210385,0.05437762531877101,0.09704597834929218,0.06866709645142413
668.5362113085546,0.054325275786037755,0.09702779056168523,0.0686261875587942
668.7196734960708,0.05427299911201592,0.09700958818969593,0.06858532224051209
668.9031356835867,0.054220795199189334,0.09699137127075932,0.06854450044425628
669.0865978711028,0.05416866395010848,0.096973139842252,0.06850372211773001
669.2700600586189,0.05411660526739083,0.09695489394149204,0.06846298720866151
669.453522246135,0.0540646190537211,0.09693663360573904,0.06842229566480408
669.636984433651,0.05401270521185133,0.09691835887219427,0.06838164743393632
669.820446621167,0.0539608636446011,0.09690006977800077,0.06834104246386222
670.0039088086831,0.05390909425485785,0.09688176636024314,0.06830048070241138
670.1873709961992,0.053857396945576994,0.09686344865594794,0.06825996209743909
670.3708331837153,0.053805771619782186,0.09684511670208354,0.06821948659682661
670.5542953712314,0.05375421818056544,0.0968267705355602,0.06817905414848117
670.7377575587475,0.053702736531087404,0.0968084101932302,0.06813866470033628
670.9212197462634,0.05365132657457754,0.09679003571188778,0.0680983182003517
671.1046819337795,0.053599988214334274,0.09677164712826938,0.06805801459651376
671.2881441212957,0.053548721353725307,0.09675324447905345,0.06801775383683542
671.4716063088117,0.053497525896187725,0.09673482780086072,0.06797753586935651
671.6550684963278,0.05344640174522819,0.09671639713025418,0.0679373606421437
671.8385306838438,0.05339534880442317,0.09669795250373908,0.06789722810329085
672.0219928713599,0.053344366977419164,0.09667949395776312,0.06785713820091908
672.2054550588759,0.053293456167932754,0.09666102152871636,0.06781709088317679
672.388917246392,0.053242616279750986,0.09664253525293139,0.06777708609824004
672.5723794339082,0.05319184721673146,0.0966240351666833,0.06773712379431258
672.7558416214242,0.05314114888280247,0.09660552130618984,0.06769720391962591
672.9393038089403,0.053090521181963314,0.09658699370761131,0.06765732642243957
673.1227659964562,0.05303996401828438,0.09656845240705089,0.06761749125104125
673.3062281839724,0.052989477295907396,0.09654989744055446,0.06757769835374684
673.4896903714885,0.052939060919045544,0.09653132884411067,0.06753794767890066
673.6731525590045,0.05288871479198369,0.09651274665365112,0.06749823917487555
673.8566147465207,0.05283843881907861,0.09649415090505035,0.06745857279007314
674.0400769340367,0.05278823290475909,0.09647554163412594,0.06741894847292376
674.2235391215527,0.052738096953526124,0.09645691887663847,0.0673793661718868
674.4070013090687,0.052688030869953106,0.09643828266829167,0.06733982583545071
674.5904634965849,0.05263803455868604,0.09641963304473246,0.06730032741213318
674.773925684101,0.05258810792444366,0.09640097004155096,0.0672608708504813
674.957387871617,0.05253825087201759,0.09638229369428059,0.06722145609907161
675.1408500591332,0.05248846330627259,0.0963636040383982,0.06718208310651039
675.3243122466491,0.05243874513214677,0.09634490110932398,0.0671427518214337
675.5077744341652,0.05238909625465158,0.09632618494242158,0.06710346219250744
675.6912366216812,0.052339516578872126,0.09630745557299822,0.06706421416842764
675.8746988091974,0.05229000600996727,0.09628871303630467,0.06702500769792044
676.0581609967135,0.052240564453169915,0.09626995736753541,0.06698584272974237
676.2416231842294,0.052191191813786966,0.09625118860182853,0.06694671921268032
676.4250853717455,0.05214188799719972,0.09623240677426595,0.06690763709555186
676.6085475592616,0.05209265290886389,0.09621361191987339,0.06686859632720518
676.7920097467777,0.0520434864543098,0.09619480407362042,0.06682959685651936
676.9754719342938,0.0519943885391425,0.09617598327042062,0.06679063863240435
677.1589341218099,0.05194535906904213,0.09615714954513147,0.06675172160380131
677.3423963093259,0.051896397949763806,0.09613830293255454,0.06671284571968254
677.5258584968419,0.051847505087137924,0.09611944346743558,0.0666740109290517
677.709320684358,0.05179868038707035,0.0961005711844644,0.06663521718094391
677.8927828718741,0.05174992375554253,0.09608168611827513,0.0665964644244259
678.0762450593902,0.051701235098611555,0.09606278830344613,0.06655775260859609
678.2597072469063,0.051652614322410514,0.09604387777450016,0.06651908168258477
678.4431694344223,0.051604061333148474,0.0960249545659043,0.06648045159555412
678.6266316219384,0.05155557603711075,0.09600601871207023,0.06644186229669849
678.8100938094544,0.051507158340658964,0.09598707024735403,0.0664033137352444
678.9935559969705,0.05145880815023126,0.09596810920605639,0.06636480586045064
679.1770181844867,0.051410525372342454,0.0959491356224227,0.06632633862160855
679.3604803720027,0.05136230991358415,0.09593014953064298,0.06628791196804193
679.5439425595187,0.05131416168062484,0.09591115096485207,0.0662495258491073
679.7274047470348,0.05126608058021022,0.09589213995912961,0.066211180214194
679.9108669345509,0.05121806651916315,0.09587311654750005,0.06617287501272426
680.0943291220669,0.05117011940438394,0.0958540807639329,0.06613461019415333
680.277791309583,0.05112223914285038,0.09583503264234254,0.06609638570796963
680.4612534970992,0.05107442564161794,0.0958159722165885,0.0660582015036948
680.6447156846151,0.051026678807819935,0.09579689952047539,0.06602005753088394
680.8281778721312,0.05097899854866761,0.09577781458775299,0.06598195373912553
681.0116400596472,0.05093138477145035,0.09575871745211632,0.06594389007804176
681.1951022471634,0.050883837383535725,0.09573960814720564,0.06590586649728844
681.3785644346794,0.05083635629236969,0.09572048670660668,0.06586788294655525
681.5620266221954,0.05078894140547672,0.09570135316385049,0.06582993937556579
681.7454888097116,0.050741592630459964,0.09568220755241363,0.06579203573407777
681.9289509972276,0.05069430987500133,0.09566304990571815,0.06575417197188299
682.1124131847437,0.05064709304686164,0.09564388025713175,0.06571634803880752
682.2958753722597,0.05059994205388078,0.0956246986399677,0.06567856388471184
682.4793375597759,0.05055285680397775,0.09560550508748503,0.06564081945949082
682.6627997472918,0.05050583720515099,0.0955862996328885,0.06560311471307409
682.8462619348079,0.050458883165478266,0.09556708230932878,0.06556544959542579
683.0297241223241,0.05041199459311696,0.09554785314990234,0.06552782405654498
683.2131863098401,0.05036517139630421,0.09552861218765166,0.0654902380464656
683.3966484973562,0.05031841348335685,0.09550935945556516,0.06545269151525655
683.5801106848722,0.050271720762671765,0.09549009498657737,0.06541518441302194
683.7635728723883,0.050225093142725906,0.09547081881356895,0.06537771668990099
683.9470350599044,0.050178530532076424,0.09545153096936669,0.06534028829606833
684.1304972474204,0.050132032839360775,0.0954322314867437,0.06530289918173396
684.3139594349366,0.05008559997329688,0.09541292039841934,0.06526554929714343
684.4974216224526,0.050039231842683204,0.09539359773705938,0.0652282385925779
684.6808838099687,0.04999292835639898,0.09537426353527598,0.06519096701835429
684.8643459974846,0.04994668942340413,0.09535491782562776,0.06515373452482527
685.0478081850008,0.0499005149527396,0.09533556064062,0.0651165410623795
685.2312703725169,0.049854404853527365,0.09531619201270441,0.06507938658144166
685.4147325600329,0.04980835903497051,0.0952968119742795,0.06504227103247248
685.598194747549,0.04976237740635347,0.09527742055769044,0.06500519436596901
685.7816569350651,0.04971645987704199,0.0952580177952292,0.0649681565324645
685.9651191225811,0.049670606356483446,0.0952386037191346,0.06493115748252873
686.1485813100971,0.0496248167542067,0.09521917836159235,0.06489419716676788
686.3320434976133,0.049579090979822445,0.09519974175473514,0.0648572755358248
686.5155056851294,0.04953342894302315,0.09518029393064265,0.06482039254037897
686.6989678726454,0.04948783055358328,0.09516083492134167,0.0647835481311467
686.8824300601614,0.049442295721359344,0.09514136475880614,0.06474674225888116
687.0658922476775,0.049396824356290045,0.09512188347495716,0.06470997487437254
687.2493544351936,0.04935141636839634,0.09510239110166316,0.064673245928448
687.4328166227097,0.0493060716677816,0.09508288767073983,0.06463655537197195
687.6162788102258,0.049260790164631654,0.09506337321395028,0.06459990315584598
687.7997409977419,0.049215571769214955,0.09504384776300503,0.06456328923100903
687.9832031852578,0.049170416391882646,0.09502431134956216,0.06452671354843749
688.1666653727739,0.04912532394306869,0.09500476400522725,0.06449017605914524
688.35012756029,0.049080294333289934,0.09498520576155355,0.06445367671418376
688.5335897478061,0.04903532747314623,0.09496563665004196,0.06441721546464221
688.7170519353222,0.0489904232733206,0.09494605670214112,0.06438079226164757
688.9005141228383,0.0489455816445792,0.0949264659492475,0.06434440705636463
689.0839763103543,0.0489008024977715,0.09490686442270545,0.06430805979999613
689.2674384978703,0.0488560857438304,0.0948872521538072,0.06427175044378289
689.4509006853864,0.04881143129377235,0.09486762917379296,0.06423547893900382
689.6343628729026,0.0487668390586973,0.09484799551385105,0.06419924523697601
689.8178250604186,0.048722308949788976,0.09482835120511783,0.06416304928905489
690.0012872479347,0.048677840878314824,0.09480869627867786,0.0641268910466342
690.1847494354506,0.048633434755626224,0.0947890307655639,0.06409077046114615
690.3682116229668,0.04858909049315854,0.09476935469675697,0.06405468748406153
690.5516738104828,0.04854480800243117,0.09474966810318657,0.0640186420668897
690.7351359979989,0.04850058719504765,0.09472997101573041,0.06398263416117869
690.9185981855151,0.04845642798269583,0.09471026346521481,0.06394666371851535
691.1020603730311,0.04841233027714786,0.09469054548241455,0.06391073069052539
691.2855225605471,0.04836829399026032,0.09467081709805306,0.06387483502887344
691.4689847480631,0.048324319033974314,0.09465107834280234,0.06383897668526314
691.6524469355793,0.04828040532031553,0.09463132924728311,0.06380315561143719
691.8359091230953,0.04823655276139434,0.09461156984206494,0.06376737175917754
692.0193713106114,0.048192761269405957,0.09459180015766609,0.0637316250803053
692.2028334981276,0.048149030756630365,0.0945720202245538,0.06369591552668097
692.3862956856435,0.04810536113543255,0.09455223007314428,0.06366024305020443
692.5697578731596,0.04806175231826249,0.09453242973380266,0.06362460760281496
692.7532200606756,0.048018204217655285,0.09451261923684325,0.06358900913649154
692.9366822481918,0.047974716746231216,0.09449279861252938,0.06355344760325263
693.1201444357079,0.04793128981669585,0.09447296789107362,0.06351792295515643
693.3036066232238,0.047887923341840104,0.09445312710263783,0.06348243514430099
693.48706881074,0.047844617234540296,0.0944332762773331,0.0634469841228241
693.670530998256,0.04780137140775825,0.09441341544521992,0.06341156984290346
693.8539931857721,0.04775818577454143,0.0943935446363082,0.06337619225675685
694.0374553732881,0.04771506024802289,0.09437366388055743,0.06334085131664205
694.2209175608043,0.047671994741421454,0.09435377320787652,0.06330554697485694
694.4043797483203,0.04762898916804177,0.09433387264812407,0.06327027918373967
694.5878419358363,0.047586043441274366,0.09431396223110831,0.06323504789566861
694.7713041233524,0.04754315747459574,0.0942940419865873,0.06319985306306251
694.9547663108685,0.04750033118156836,0.09427411194426874,0.06316469463838045
695.1382284983846,0.04745756447584085,0.0942541721338103,0.06312957257412205
695.3216906859006,0.04741485727114801,0.09423422258481953,0.06309448682282744
695.5051528734167,0.04737220948131089,0.09421426332685394,0.06305943733707739
695.6886150609328,0.04732962102023683,0.09419429438942106,0.06302442406949332
695.8720772484488,0.047287091801919555,0.09417431580197859,0.06298944697273738
696.0555394359649,0.04724462174043931,0.0941543275939343,0.06295450599951259
696.239001623481,0.04720221074996276,0.09413432979464624,0.06291960110256277
696.4224638109971,0.0471598587447432,0.09411432243342265,0.06288473223467268
696.605925998513,0.047117565639120576,0.09409430553952221,0.06284989934866812
696.7893881860292,0.047075331347521586,0.09407427914215391,0.06281510239741596
696.9728503735453,0.04703315578445968,0.09405424327047728,0.06278034133382418
697.1563125610613,0.04699103886453515,0.09403419795360228,0.06274561611084192
697.3397747485774,0.04694898050243521,0.0940141432205895,0.06271092668145964
697.5232369360936,0.04690698061293404,0.09399407910045013,0.06267627299870901
697.7066991236095,0.04686503911089284,0.09397400562214606,0.06264165501566318
697.8901613111256,0.04682315591125993,0.09395392281459007,0.06260707268543672
698.0736234986417,0.04678133092907077,0.09393383070664557,0.06257252596118562
698.2570856861578,0.04673956407944803,0.09391372932712697,0.0625380147961075
698.4405478736738,0.04669785527760166,0.09389361870479948,0.06250353914344156
698.6240100611898,0.04665620443882894,0.09387349886837949,0.0624690989564687
698.807472248706,0.04661461147851455,0.09385336984653436,0.06243469418851154
698.990934436222,0.04657307631213057,0.09383323166788257,0.06240032479293446
699.1743966237381,0.04653159885523661,0.09381308436099377,0.06236599072314373
699.3578588112541,0.04649017902347987,0.09379292795438887,0.06233169193258751
699.5413209987703,0.04644881673259509,0.09377276247654008,0.062297428374755895
699.7247831862862,0.04640751189840471,0.09375258795587095,0.062263200003181016
699.9082453738023,0.04636626443681891,0.0937324044207565,0.062229006771437126
700.0917075613185,0.0463250742638356,0.09371221189952318,0.06219484863314051
700.2751697488345,0.04628394129554052,0.09369201042044899,0.06216072554194969
700.4586319363506,0.046242865448107254,0.09367180001176355,0.062126637451565415
700.6420941238666,0.046201846637797375,0.09365158070164814,0.062092584315730705
700.8255563113827,0.046160884780960365,0.09363135251823576,0.062058566088230946
701.0090184988987,0.046119979794033775,0.09361111548961115,0.06202458272289392
701.1924806864148,0.046079131593543154,0.093590869643811,0.06199063417358982
701.375942873931,0.046038340096102234,0.0935706150088238,0.06195672039423139
701.559405061447,0.04599760521841291,0.09355035161259001,0.06192284133877387
701.7428672489631,0.04595692687726522,0.09353007948300215,0.06188899696121514
701.926329436479,0.045916304989537526,0.09350979864790485,0.06185518721559571
702.1097916239952,0.04587573947219646,0.0934895091350948,0.0618214120559988
702.2932538115112,0.04583523024229699,0.09346921097232097,0.06178767143655041
702.4767159990273,0.04579477721698247,0.09344890418728459,0.06175396531141926
702.6601781865435,0.045754380313484735,0.0934285888076391,0.06172029363481699
702.8436403740595,0.04571403944912402,0.09340826486099049,0.06168665636099814
703.0271025615755,0.04567375454130909,0.09338793237489709,0.06165305344426011
703.2105647490915,0.04563352550753731,0.09336759137686973,0.061619484838943396
703.3940269366077,0.045593352265394606,0.0933472418943719,0.061585950499431476
703.5774891241238,0.04555323473255554,0.09332688395481957,0.06155245038015095
703.7609513116398,0.04551317282678337,0.09330651758558148,0.06151898443557147
703.9444134991558,0.045473166465929984,0.0932861428139791,0.06148555262020592
704.1278756866719,0.04543321556793615,0.09326575966728676,0.06145215488861046
704.311337874188,0.04539332005083133,0.09324536817273156,0.061418791195384424
704.494800061704,0.045353479832733835,0.09322496835749358,0.061385461495170525
704.6782622492202,0.04531369483185083,0.09320456024870584,0.06135216574265474
704.8617244367363,0.045273964966478376,0.09318414387345444,0.06131890389256654
705.0451866242522,0.045234290155001494,0.0931637192587786,0.061285675899678836
705.2286488117683,0.045194670315894116,0.09314328643167061,0.06125248171880793
705.4121109992844,0.04515510536771922,0.09312284541907612,0.061219321304813744
705.5955731868005,0.04511559522912877,0.09310239624789397,0.061186194612599734
705.7790353743165,0.04507613981886384,0.09308193894497638,0.06115310159711299
705.9624975618327,0.04503673905575453,0.09306147353712893,0.061120042213344175
706.1459597493487,0.04499739285872014,0.09304100005111077,0.061087016416327765
706.3294219368647,0.04495810114676906,0.09302051851363441,0.06105402416114186
706.5128841243808,0.04491886383899888,0.09300002895136605,0.061021065402908345
706.696346311897,0.04487968085459644,0.09297953139092555,0.06098814009679302
706.879808499413,0.0448405521128378,0.09295902585888635,0.06095524819800539
707.0632706869291,0.04480147753308829,0.0929385123817758,0.06092238966179897
707.2467328744452,0.0447624570348025,0.09291799098607498,0.06088956444347112
707.4301950619612,0.04472349053752438,0.09289746169821886,0.06085677249836317
707.6136572494772,0.04468457796088725,0.09287692454459638,0.06082401378186051
707.7971194369933,0.044645719224613786,0.09285637955155049,0.06079128824939254
707.9805816245095,0.04460691424851602,0.09283582674537812,0.060758595856432694
708.1640438120255,0.044568162952495494,0.0928152661523304,0.060725936558498596
708.3475059995415,0.04452946525654313,0.09279469779861264,0.06069331031115195
708.5309681870575,0.04449082108073933,0.09277412171038432,0.060660717069998635
708.7144303745737,0.04445223034525403,0.09275353791375927,0.060628156790688836
708.8978925620897,0.044413692970346655,0.0927329464348057,0.06059562942891692
709.0813547496058,0.04437520887636616,0.09271234729954617,0.060563134940421516
709.264816937122,0.04433677798375106,0.09269174053395773,0.06053067328098564
709.4482791246379,0.044298400213029464,0.09267112616397201,0.0604982444064366
709.631741312154,0.04426007548481908,0.09265050421547523,0.06046584827264617
709.81520349967,0.04422180371982723,0.09262987471430821,0.060433484835530474
709.9986656871862,0.04418358483885086,0.09260923768626655,0.0604011540510501
710.1821278747022,0.0441454187627766,0.09258859315710063,0.06036885587521016
710.3655900622182,0.04410730541258071,0.09256794115251557,0.06033659026406023
710.5490522497344,0.04406924470932917,0.09254728169817143,0.060304357173694444
710.7325144372504,0.04403123657417768,0.0925266148196833,0.06027215656025157
710.9159766247665,0.04399328092837161,0.09250594054262118,0.060239988379914865
711.0994388122825,0.04395537769324615,0.09248525889251014,0.060207852588912356
711.2829009997987,0.04391752679022617,0.09246456989483046,0.06017574914351668
711.4663631873146,0.04387972814082628,0.09244387357501756,0.06014367800004512
711.6498253748307,0.04384198166665097,0.09242316995846207,0.06011163911485976
711.8332875623469,0.04380428728939447,0.09240245907050999,0.060079632444367426
712.0167497498629,0.04376664493084083,0.09238174093646268,0.060047657945019706
712.200211937379,0.04372905451286387,0.09236101558157689,0.060015715573313
712.383674124895,0.043691515957427284,0.09234028303106487,0.059983805285788526
712.5671363124112,0.043654029186584606,0.09231954331009443,0.059951927039032425
712.7505984999272,0.04361659412247923,0.09229879644378895,0.059920080789675714
712.9340606874432,0.043579210687344376,0.09227804245722754,0.059888266494394285
713.1175228749593,0.043541878803503194,0.09225728137544494,0.05985648410990903
713.3009850624754,0.04350459839336861,0.09223651322343172,0.05982473359298572
713.4844472499915,0.04346736937944357,0.09221573802613428,0.059793014900435246
713.6679094375074,0.043430191684320815,0.09219495580845494,0.05976132798911347
713.8513716250236,0.04339306523068304,0.09217416659525193,0.05972967281592123
714.0348338125397,0.043355989941302825,0.09215337041133954,0.05969804933780454
714.2182960000557,0.0433189657390427,0.09213256728148811,0.059666457511754464
714.4017581875718,0.043281992546855094,0.0921117572304241,0.05963489729480716
714.5852203750879,0.043245070287782364,0.09209094028283017,0.059603368644043954
714.7686825626039,0.04320819888495679,0.09207011646334529,0.05957187151659131
714.9521447501199,0.04317137826160063,0.09204928579656461,0.059540405869620915
715.1356069376361,0.043134608341026066,0.09202844830703981,0.05950897166034965
715.3190691251522,0.04309788904663519,0.09200760401927885,0.05947756884603961
715.5025313126682,0.04306122030192008,0.09198675295774626,0.059446197383998166
715.6859935001842,0.043024602030462766,0.0919658951468631,0.059414857231577946
715.8694556877003,0.042988034155935245,0.09194503061100705,0.05938354834617691
716.0529178752164,0.04295151660209941,0.09192415937451237,0.059352270685238226
716.2363800627325,0.04291504929280716,0.09190328146167012,0.05932102420625055
716.4198422502486,0.042878632152000315,0.09188239689672814,0.059289808866747784
716.6033044377647,0.04284226510371071,0.09186150570389104,0.05925862462430923
716.7867666252806,0.042805948072060056,0.09184060790732038,0.0592274714365596
716.9702288127967,0.042769680981260064,0.09181970353113465,0.05919634926116899
717.1536910003128,0.04273346375561239,0.09179879259940943,0.05916525805585297
717.3371531878289,0.04269729631950868,0.09177787513617719,0.05913419777837253
717.520615375345,0.04266117859743045,0.0917569511654277,0.059103168386534136
717.704077562861,0.04262511051394924,0.09173602071110784,0.059072169838189734
717.8875397503772,0.04258909199372645,0.09171508379712182,0.05904120209123677
718.0710019378931,0.04255312296151349,0.091694140447331,0.05901026510361822
718.2544641254092,0.042517203342151685,0.09167319068555421,0.058979358833322594
718.4379263129254,0.04248133306057229,0.09165223453556769,0.05894848323838396
718.6213885004414,0.04244551204179646,0.09163127202110513,0.05891763827688194
718.8048506879575,0.04240974021093529,0.09161030316585779,0.05888682390694174
718.9883128754734,0.04237401749318979,0.09158932799347447,0.05885604008673419
719.1717750629896,0.04233834381385087,0.09156834652756166,0.058825286774475696
719.3552372505056,0.042302719098299364,0.09154735879168362,0.058794563928428356
719.5386994380217,0.042267143272005966,0.09152636480936226,0.05876387150689984
719.7221616255379,0.042231616260531256,0.09150536460407736,0.05873320946824352
719.9056238130539,0.04219613798952572,0.09148435819926663,0.05870257777085845
720.0890860005699,0.04216070838472967,0.0914633456183257,0.05867197637318933
720.2725481880859,0.04212532737197333,0.09144232688460815,0.058641405233726594
720.4560103756021,0.04208999487717672,0.09142130202142566,0.058610864311006386
720.6394725631181,0.0420547108263497,0.09140027105204804,0.05858035356361052
720.8229347506342,0.04201947514559201,0.09137923399970324,0.058549872950166636
721.0063969381504,0.041984287761093156,0.09135819088757743,0.058519422429348045
721.1898591256663,0.041949148599132485,0.09133714173881516,0.0584890019598739
721.3733213131824,0.041914057586079106,0.09131608657651921,0.05845861150050904
721.5567835006984,0.04187901464839193,0.0912950254237508,0.05842825101006412
721.7402456882146,0.04184401971261964,0.09127395830352966,0.05839792044739563
721.9237078757307,0.041809072705400664,0.091252885238834,0.058367619771405824
722.1071700632466,0.04177417355346316,0.09123180625260059,0.058337348941042776
722.2906322507627,0.041739322183625076,0.09121072136772487,0.058307107915300395
722.4740944382788,0.041704518522794,0.09118963060706096,0.058276896653218425
722.6575566257949,0.04166976249796724,0.09116853399342173,0.05824671511388243
722.8410188133109,0.04163505403623183,0.09114743154957881,0.05821656325642386
723.0244810008271,0.04160039306476441,0.09112632329826278,0.058186441040020034
723.2079431883432,0.04156577951083131,0.09110520926216309,0.0581563484238941
723.3914053758591,0.04153121330178851,0.09108408946392813,0.05812628536731512
723.5748675633752,0.04149669436508159,0.09106296392616543,0.058096251829598045
723.7583297508913,0.041462222628245726,0.09104183267144153,0.058066247770103704
723.9417919384074,0.04142779801890566,0.09102069572228214,0.05803627314823882
724.1252541259234,0.041393420464775774,0.09099955310117216,0.05800632792345606
724.3087163134396,0.041359089893659925,0.09097840483055583,0.05797641205525398
724.4921785009556,0.04132480623345155,0.09095725093283656,0.05794652550317707
724.6756406884716,0.04129056941213356,0.09093609143037736,0.05791666822681577
724.8591028759877,0.041256379357778386,0.09091492634550044,0.05788684018580641
725.0425650635038,0.04122223599854789,0.09089375570048766,0.05785704133983131
725.2260272510199,0.04118813926269344,0.09087257951758039,0.057827271648618686
725.4094894385358,0.04115408907855579,0.09085139781897958,0.057797531071942757
725.592951626052,0.04112008537456513,0.09083021062684585,0.05776781956962366
725.7764138135681,0.041086128079241016,0.09080901796329954,0.05773813710152753
725.9598760010841,0.04105221712119238,0.09078781985042081,0.05770848362756644
726.1433381886002,0.04101835242911751,0.0907666163102496,0.05767885910769845
726.3268003761164,0.04098453393180398,0.09074540736478574,0.05764926350192758
726.5102625636323,0.0409507615581287,0.09072419303598907,0.05761969677030384
726.6937247511484,0.040917035237057836,0.09070297334577936,0.05759015887292325
726.8771869386644,0.04088335489764679,0.09068174831603645,0.057560649769927696
727.0606491261806,0.04084972046904024,0.09066051796860032,0.05753116942150525
727.2441113136966,0.04081613188047199,0.09063928232527112,0.057501717787889775
727.4275735012126,0.040782589061265105,0.09061804140780924,0.057472294829361295
727.6110356887287,0.04074909194083171,0.09059679523793532,0.057442900506245655
727.7944978762448,0.040715640448673145,0.09057554383733037,0.05741353477891485
727.9779600637609,0.04068223451437979,0.09055428722763581,0.05738419760778683
728.1614222512769,0.04064887406763114,0.09053302543045345,0.0573548889533255
728.3448844387931,0.04061555903819568,0.0905117584673457,0.057325608776040794
728.5283466263091,0.04058228935593097,0.09049048635983549,0.05729635703648865
728.7118088138251,0.04054906495078356,0.09046920912940634,0.05726713369527101
728.8952710013413,0.04051588575278891,0.09044792679750252,0.057237938713035806
729.0787331888573,0.040482751692071474,0.090426639385529,0.057208772050476996
729.2621953763734,0.0404496626988446,0.09040534691485155,0.05717963366833453
729.4456575638894,0.04041661870341049,0.09038404940679676,0.05715052352739434
729.6291197514056,0.04038361963616022,0.09036274688265215,0.05712144158848835
729.8125819389215,0.040350665427573686,0.09034143936366619,0.05709238781249455
729.9960441264376,0.040317756008219546,0.09032012687104837,0.05706336216033685
730.1795063139538,0.04028489130875527,0.09029880942596927,0.057034364592985234
730.3629685014698,0.04025207125992702,0.09027748704956054,0.05700539507145561
730.5464306889859,0.04021929579256962,0.09025615976291514,0.056976453556809914
730.7298928765018,0.040186564837606666,0.09023482758708709,0.0569475400101561
730.913355064018,0.04015387832605029,0.09021349054309184,0.05691865439264805
731.096817251534,0.04012123618900129,0.09019214865190614,0.056889796665485694
731.2802794390501,0.04008863835764901,0.09017080193446811,0.0568609667899149
731.4637416265662,0.04005608476327132,0.0901494504116774,0.05683216472722754
731.6472038140823,0.04002357533723463,0.09012809410439518,0.05680339043876147
731.8306660015983,0.03999111001099379,0.09010673303344413,0.05677464388590051
732.0141281891143,0.0399586887160921,0.09008536721960861,0.05674592503007444
732.1975903766305,0.03992631138416129,0.0900639966836346,0.05671723383275903
732.3810525641466,0.03989397794692144,0.09004262144622988,0.05668857025547599
732.5645147516626,0.03986168833618095,0.09002124152806404,0.05665993425979302
732.7479769391786,0.03982944248383652,0.08999985694976843,0.0566313258073237
732.9314391266947,0.03979724032187314,0.08997846773193639,0.056602744859727626
733.1149013142108,0.03976508178236406,0.0899570738951232,0.05657419137871036
733.2983635017268,0.03973296679747066,0.08993567545984614,0.05654566532602334
733.481825689243,0.03970089529944254,0.08991427244658456,0.05651716666346397
733.6652878767591,0.03966886722061736,0.08989286487577994,0.056488695352875554
733.848750064275,0.03963688249342089,0.0898714527678359,0.05646025135614731
734.0322122517911,0.03960494105036698,0.08985003614311839,0.056431834635214416
734.2156744393072,0.03957304282405746,0.08982861502195554,0.05640344515205794
734.3991366268233,0.039541187747182134,0.08980718942463792,0.05637508286870483
734.5825988143393,0.03950937575251877,0.08978575937141847,0.056346747747227956
734.7660610018555,0.039477606772933,0.08976432488251253,0.056318439749746055
734.9495231893716,0.03944588074137832,0.08974288597809803,0.056290158838423754
735.1329853768875,0.03941419759089608,0.0897214426783154,0.056261904975471545
735.3164475644036,0.039382557254615355,0.08969999500326772,0.05623367812314578
735.4999097519197,0.03935095966575298,0.08967854297302076,0.056205478243748684
735.6833719394358,0.039319404757613516,0.08965708660760298,0.05617730529962831
735.8668341269519,0.03928789246358917,0.08963562592700562,0.05614915925317858
736.0502963144678,0.03925642271715976,0.08961416095118281,0.05612104006683921
736.233758501984,0.0392249954518927,0.08959269170005156,0.05609294770309579
736.4172206895,0.03919361060144294,0.08957121819349172,0.05606488212447963
736.6006828770161,0.03916226809955291,0.0895497404513463,0.05603684329356795
736.7841450645323,0.03913096788005253,0.08952825849342126,0.05600883117298374
736.9676072520483,0.03909970987685911,0.0895067723394857,0.05598084572539571
737.1510694395643,0.03906849402397734,0.08948528200927189,0.05595288691351842
737.3345316270803,0.03903732025549925,0.08946378752247532,0.05592495470011214
737.5179938145965,0.0390061885056041,0.08944228889875472,0.05589704904798295
737.7014560021125,0.03897509870855848,0.08942078615773218,0.05586916991998262
737.8849181896286,0.03894405079871613,0.08939927931899314,0.05584131727900869
738.0683803771448,0.038913044710517965,0.0893777684020865,0.055813491088004416
738.2518425646607,0.03888208037849198,0.08935625342652463,0.055785691309958765
738.4353047521768,0.0388511577372533,0.0893347344117835,0.055757917907906386
738.6187669396928,0.03882027672150402,0.08931321137730255,0.05573017084492763
738.802229127209,0.03878943726603326,0.089291684342485,0.05570245008414856
738.985691314725,0.03875863930571704,0.08927015332669766,0.05567475558874082
739.169153502241,0.038727882775518294,0.08924861834927122,0.05564708732192182
739.3526156897572,0.03869716761048679,0.0892270794295001,0.05561944524695452
739.5360778772732,0.0386664937457591,0.08920553658664257,0.055591829327147554
739.7195400647893,0.03863586111655853,0.0891839898399209,0.055564239525855166
739.9030022523053,0.038605269658195156,0.08916243920852124,0.055536675806477184
740.0864644398215,0.03857471930606563,0.08914088471159379,0.05550913813245904
740.2699266273376,0.03854420999565326,0.08911932636825287,0.05548162646729173
740.4533888148535,0.038513741662527946,0.08909776419757695,0.055454140774511884
740.6368510023696,0.03848331424234607,0.08907619821860854,0.055426681017701575
740.8203131898857,0.038452927670850505,0.08905462845035456,0.05539924716048848
741.0037753774018,0.038422581883870544,0.08903305491178612,0.05537183916654579
741.1872375649178,0.038392276817321866,0.08901147762183874,0.05534445699959221
741.370699752434,0.03836201240720646,0.0889898965994123,0.05531710062339192
741.55416193995,0.03833178858961261,0.0889683118633711,0.0552897700017546
741.737624127466,0.038301605300714824,0.08894672343254398,0.05526246509853535
741.9210863149821,0.038271462476773786,0.0889251313257244,0.0552351858776348
742.1045485024982,0.03824136005413635,0.08890353556167031,0.055207932302998954
742.2880106900143,0.0382112979692354,0.08888193615910442,0.055180704338619234
742.4714728775302,0.0381812761585899,0.08886033313671411,0.05515350194853256
742.6549350650464,0.03815129455880477,0.0888387265131515,0.05512632509682107
742.8383972525625,0.038121353106570846,0.08881711630703365,0.05509917374761244
743.0218594400785,0.03809145173866492,0.08879550253694236,0.05507204786507963
743.2053216275946,0.03806159039194956,0.08877388522142443,0.05504494741344096
743.3887838151107,0.03803176900337312,0.0887522643789916,0.055017872356960054
743.5722460026267,0.03800198750996968,0.08873064002812069,0.05499082265994586
743.7557081901427,0.03797224584885902,0.0887090121872536,0.054963798286752616
743.9391703776589,0.03794254395724654,0.08868738087479736,0.05493679920177985
744.122632565175,0.03791288177242321,0.0886657461091241,0.05490982536947233
744.306094752691,0.03788325923176554,0.08864410790857134,0.05488287675432006
744.489556940207,0.037853676272735504,0.08862246629144185,0.05485595332085834
744.6730191277231,0.037824132832880455,0.08860082127600369,0.05482905503366756
744.8564813152392,0.03779462884983319,0.08857917288049037,0.0548021818573734
745.0399435027552,0.03776516426131173,0.08855752112310086,0.05477533375664664
745.2234056902713,0.037735739005119444,0.08853586602199959,0.054748510696203276
745.4068678777875,0.037706353019144837,0.08851420759531656,0.05472171264080437
745.5903300653035,0.0376770062413616,0.08849254586114744,0.05469493955525619
745.7737922528195,0.03764769860982854,0.08847088083755346,0.054668191404410024
745.9572544403356,0.03761843006268945,0.08844921254256163,0.0546414681531623
746.1407166278517,0.03758920053817317,0.08842754099416475,0.05461476976645444
746.3241788153678,0.03756000997459345,0.08840586621032134,0.054588096209273
746.5076410028838,0.03753085831034893,0.08838418820895588,0.054561447446649466
746.6911031904,0.03750174548392307,0.0883625070079587,0.05453482344366041
746.8745653779159,0.037472671433884094,0.08834082262518615,0.05450822416542732
747.058027565432,0.03744363609888497,0.08831913507846065,0.05448164957711673
747.2414897529482,0.037414639417663285,0.08829744438557055,0.054455099643940005
747.4249519404642,0.037385681329041257,0.08827575056427048,0.05442857433115358
747.6084141279803,0.03735676177192565,0.08825405363228114,0.054402073604058666
747.7918763154962,0.037327880685307714,0.08823235360728951,0.054375597428001424
747.9753385030124,0.03729903800826315,0.08821065050694885,0.05434914576837291
748.1588006905284,0.037270233679952,0.08818894434887875,0.05432271859060894
748.3422628780445,0.037241467639618664,0.08816723515066519,0.054296315860190236
748.5257250655607,0.03721273982659178,0.08814552292986055,0.05426993754264229
748.7091872530767,0.03718405018028424,0.08812380770398379,0.054243583603535386
748.8926494405927,0.03715539864019304,0.08810208949052026,0.054217254008484525
749.0761116281087,0.03712678514589927,0.08808036830692201,0.05419094872314952
749.2595738156249,0.03709820963706808,0.08805864417060773,0.054164667713234894
749.443036003141,0.037069672053448605,0.08803691709896275,0.05413841094448981
749.626498190657,0.03704117233487385,0.08801518710933917,0.05411217838270817
749.809960378173,0.0370127104212607,0.0879934542190559,0.05408596999372846
749.9934225656891,0.03698428625260986,0.08797171844539864,0.05405978574343388
750.1768847532052,0.036955899769005776,0.08794997980562004,0.05403362559775221
750.3603469407212,0.03692755091061656,0.08792823831693967,0.05400748952265579
750.5438091282374,0.036899239617693945,0.08790649399654413,0.053981377484161576
750.7272713157535,0.03687096583057327,0.08788474686158697,0.053955289448331015
750.9107335032695,0.03684272948967332,0.08786299692918896,0.05392922538127011
751.0941956907855,0.036814530535496374,0.08784124421643799,0.05390318524912936
751.2776578783016,0.03678636890862809,0.08781948874038914,0.05387716901810376
751.4611200658177,0.036758244549737404,0.08779773051806465,0.053851176654432675
751.6445822533337,0.036730157399576586,0.0877759695664542,0.05382520812439998
751.8280444408499,0.03670210739898107,0.08775420590251473,0.053799263394333954
752.011506628366,0.03667409448886943,0.08773243954317063,0.053773342430607204
752.1949688158819,0.036646118610243326,0.08771067050531371,0.05374744519963672
752.378431003398,0.036618179704187494,0.08768889880580329,0.05372157166788387
752.5618931909141,0.036590277711869554,0.08766712446146627,0.053695721801854265
752.7453553784302,0.036562412574540085,0.08764534748909711,0.05366989556809788
752.9288175659462,0.036534584233532466,0.08762356790545796,0.053644092933208876
753.1122797534624,0.03650679263026286,0.08760178572727861,0.053618313863825685
753.2957419409784,0.03647903770623013,0.0875800009712567,0.053592558326630936
753.4792041284944,0.03645131940301586,0.08755821365405758,0.0535668262883515
753.6626663160105,0.03642363766228416,0.08753642379231451,0.05354111771575837
753.8461285035266,0.03639599242578169,0.08751463140262865,0.0535154325756667
754.0295906910427,0.03636838363533755,0.08749283650156905,0.053489770834935724
754.2130528785586,0.03634081123286328,0.08747103910567283,0.05346413246046877
754.3965150660747,0.03631327516035275,0.08744923923144513,0.053438517419213315
754.5799772535909,0.03628577535988207,0.08742743689535921,0.05341292567816075
754.7634394411069,0.03625831177360961,0.08740563211385646,0.053387357204346564
754.946901628623,0.036230884343775874,0.0873838249033465,0.053361811964850216
755.1303638161392,0.036203493012703473,0.08736201528020716,0.053336289926795136
755.3138260036551,0.03617613772279702,0.08734020326078461,0.05331079105734867
755.4972881911712,0.036148818416543056,0.08731838886139334,0.053285315323722084
755.6807503786872,0.03612153503651007,0.08729657209831623,0.05325986269317053
755.8642125662034,0.036094287525348386,0.08727475298780464,0.053234433132993045
756.0476747537194,0.03606707582579003,0.0872529315460784,0.05320902661053244
756.2311369412355,0.0360398998806488,0.08723110778932588,0.05318364309317538
756.4145991287515,0.0360127596328201,0.0872092817337041,0.05315828254835233
756.5980613162676,0.03598565502528088,0.08718745339533865,0.053132944943537416
756.7815235037837,0.035958586001089636,0.08716562279032389,0.053107630246248594
756.9649856912997,0.035931552503386324,0.0871437899347228,0.05308233842404745
757.1484478788159,0.03590455447539225,0.08712195484456732,0.05305706944453929
757.331910066332,0.03587759186041005,0.0871001175358581,0.053031823275373056
757.5153722538479,0.03585066460182351,0.08707827802456472,0.053006599884241265
757.698834441364,0.03582377264309779,0.08705643632662571,0.05298139923888009
757.8822966288801,0.03579691592777897,0.0870345924579485,0.052956221307069194
758.0657588163962,0.03577009439949431,0.08701274643440973,0.05293106605663186
758.2492210039122,0.03574330800195198,0.08699089827185497,0.05290593345543482
758.4326831914284,0.0357165566789411,0.08696904798609899,0.052880823471388304
758.6161453789443,0.035689840374331636,0.08694719559292573,0.05285573607244598
758.7996075664604,0.03566315903207432,0.08692534110808832,0.05283067122660497
758.9830697539765,0.03563651259620063,0.08690348454730921,0.052805628901905766
759.1665319414926,0.03560990101082268,0.0868816259262802,0.05278060906643225
759.3499941290087,0.035583324220133175,0.0868597652606624,0.052755611688311624
759.5334563165246,0.0355567821684053,0.08683790256608635,0.052730636735714397
759.7169185040408,0.03553027479999275,0.08681603785815212,0.05270568417685441
759.9003806915568,0.03550380205932958,0.08679417115242925,0.05268075397998869
760.0838428790729,0.03547736389093011,0.08677230246445687,0.05265584611341756
760.267305066589,0.035450960239388964,0.0867504318097437,0.052630960545484454
760.4507672541051,0.03542459104938094,0.08672855920376817,0.05260609724457606
760.6342294416211,0.03539825626566091,0.08670668466197834,0.05258125617912214
760.8176916291371,0.03537195583306385,0.0866848081997921,0.05255643731759561
761.0011538166533,0.035345689696504624,0.08666292983259713,0.05253164062851241
761.1846160041694,0.035319457800978116,0.08664104957575094,0.05250686608043163
761.3680781916854,0.035293260091558934,0.08661916744458095,0.05248211364195524
761.5515403792015,0.03526709651340153,0.08659728345438458,0.05245738328172835
761.7350025667175,0.035240967011740024,0.08657539762042915,0.05243267496843892
761.9184647542336,0.035214871531888174,0.08655350995795213,0.0524079886708179
762.1019269417496,0.03518881001923932,0.08653162048216101,0.052383324357639115
762.2853891292658,0.035162782419266285,0.08650972920823345,0.05235868199771928
762.4688513167819,0.035136788677521305,0.08648783615131735,0.05233406155991797
762.6523135042979,0.03511082873963597,0.08646594132653071,0.05230946301313749
762.8357756918139,0.035084902551321163,0.08644404474896193,0.05228488632632301
763.01923787933,0.03505901005836702,0.08642214643366967,0.05226033146846243
763.2027000668461,0.03503315120664277,0.08640024639568303,0.052235798408586366
763.3861622543621,0.035007325942096754,0.08637834465000147,0.0522112871157681
763.5696244418782,0.034981534210756296,0.08635644121159497,0.05218679755912361
763.7530866293944,0.03495577595872766,0.08633453609540401,0.05216232970781148
763.9365488169103,0.03493005113219602,0.08631262931633964,0.05213788353103292
764.1200110044264,0.03490435967742532,0.08629072088928352,0.05211345899803168
764.3034731919425,0.03487870154075818,0.08626881082908792,0.05208905607809402
764.4869353794586,0.03485307666861598,0.0862468991505759,0.052064674740548766
764.6703975669747,0.03482748500749862,0.08622498586854123,0.0520403149547672
764.8538597544906,0.034801926503984476,0.08620307099774846,0.05201597669016298
765.0373219420068,0.034776401104730445,0.08618115455293306,0.05199165991619226
765.2207841295228,0.034750908756471785,0.08615923654880128,0.05196736460235353
765.4042463170389,0.03472544940602206,0.0861373170000304,0.05194309071818766
765.587708504555,0.034700023000273035,0.08611539592126868,0.051918838233277795
765.7711706920711,0.034674629486194646,0.08609347332713538,0.0518946071172494
765.954632879587,0.034649268810834896,0.08607154923222085,0.05187039733977015
766.1380950671031,0.03462394092131988,0.08604962365108651,0.051846208870549956
766.3215572546193,0.03459864576485359,0.08602769659826509,0.05182204167934098
766.5050194421353,0.03457338328871785,0.0860057680882604,0.05179789573593742
766.6884816296514,0.034548153440272386,0.08598383813554757,0.051773771010175704
766.8719438171676,0.03452295616695457,0.08596190675457302,0.05174966747193429
767.0554060046835,0.034497791416279476,0.08593997395975457,0.05172558509113371
767.2388681921996,0.03447265913583977,0.08591803976548139,0.05170152383773655
767.4223303797156,0.03444755927330561,0.08589610418611418,0.05167748368174736
767.6057925672318,0.034422491776424605,0.08587416723598498,0.05165346459321265
767.7892547547478,0.03439745659302175,0.08585222892939756,0.05162946654222087
767.9727169422639,0.03437245367099931,0.08583028928062715,0.051605489498902354
768.1561791297798,0.0343474829583368,0.08580834830392067,0.05158153343342935
768.339641317296,0.03432254440309089,0.08578640601349663,0.051557598316015876
768.5231035048121,0.034297637953395306,0.08576446242354537,0.051533684116917736
768.7065656923281,0.0342727635574608,0.08574251754822892,0.051509790806432545
768.8900278798443,0.03424792116357508,0.08572057140168118,0.05148591835489963
769.0734900673604,0.034223110720102666,0.08569862399800791,0.051462066732700026
769.2569522548763,0.03419833217548492,0.08567667535128676,0.05143823591025644
769.4404144423924,0.0341735854782399,0.08565472547556728,0.051414425858033165
769.6238766299085,0.034148870576962274,0.08563277438487107,0.051390636546536125
769.8073388174246,0.034124187420323346,0.08561082209319179,0.05136686794631282
769.9908010049406,0.03409953595707085,0.08558886861449513,0.05134312002795224
770.1742631924568,0.03407491613602899,0.08556691396271894,0.051319392762084894
770.3577253799727,0.03405032790609831,0.08554495815177328,0.05129568611938277
770.5411875674888,0.03402577121625561,0.08552300119554035,0.05127200007055925
770.7246497550049,0.03400124601555389,0.08550104310787472,0.05124833458636914
770.908111942521,0.03397675225312233,0.0854790839026032,0.0512246896376086
771.0915741300371,0.033952289878166106,0.08545712359352495,0.051201065195115116
771.275036317553,0.03392785883996639,0.08543516219441162,0.05117746122976744
771.4584985050692,0.0339034590878803,0.08541319971900718,0.05115387771248564
771.6419606925853,0.033879090571340725,0.08539123618102819,0.05113031461423092
771.8254228801013,0.03385475323985636,0.08536927159416371,0.05110677190600578
772.0088850676174,0.03383044704301154,0.08534730597207539,0.05108324955885381
772.1923472551335,0.03380617193046625,0.0853253393283975,0.05105974754385971
772.3758094426495,0.03378192785195603,0.08530337167673699,0.05103626583214934
772.5592716301655,0.033757714757291765,0.08528140303067348,0.05101280439488948
772.7427338176816,0.033733532596359875,0.08525943340375941,0.05098936320328806
772.9261960051978,0.03370938131912201,0.08523746280952002,0.05096594222859395
773.1096581927138,0.03368526087561503,0.08521549126145336,0.050942541442096936
773.2931203802299,0.03366117121595105,0.08519351877303039,0.05091916081512773
773.4765825677459,0.03363711229031719,0.08517154535769499,0.05089580031905795
773.660044755262,0.03361308404897563,0.08514957102886407,0.05087245992530002
773.843506942778,0.033589086442263445,0.08512759579992749,0.05084913960530718
774.0269691302941,0.03356511942059261,0.08510561968424825,0.05082583933057344
774.2104313178103,0.033541182934449854,0.08508364269516241,0.05080255907263359
774.3938935053263,0.03351727693439666,0.08506166484597924,0.050779298803063054
774.5773556928423,0.03349340137106911,0.08503968614998118,0.05075605849347796
774.7608178803584,0.03346955619517787,0.08501770662042388,0.05073283811553505
774.9442800678745,0.033445741357508094,0.08499572627053636,0.05070963764093171
775.1277422553906,0.03342195680891929,0.0849737451135209,0.05068645704140581
775.3112044429066,0.03339820250034539,0.08495176316255323,0.05066329628873582
775.4946666304228,0.033374478382794524,0.08492978043078239,0.05064015535474061
775.6781288179387,0.03335078440734901,0.08490779693133098,0.05061703421127957
775.8615910054548,0.03332712052516529,0.08488581267729509,0.0505939328302525
776.045053192971,0.03330348668747382,0.08486382768174433,0.050570851183599566
776.228515380487,0.03327988284557905,0.08484184195772192,0.05054778924330126
776.4119775680031,0.03325630895085927,0.08481985551824472,0.050524746981378446
776.595439755519,0.03323276495476661,0.08479786837630325,0.0505017243698922
776.7789019430352,0.033209250808826876,0.0847758805448618,0.05047872138094385
776.9623641305512,0.033185766464639575,0.0847538920368584,0.05045573798667495
777.1458263180673,0.03316231187387774,0.08473190286520486,0.05043277415926718
777.3292885055833,0.033138886988287965,0.0847099130427869,0.050409829870942356
777.5127506930995,0.03311549175969024,0.0846879225824641,0.050386905093962465
777.6962128806155,0.033092126139977876,0.08466593149706998,0.05036399980062939
777.8796750681315,0.03306879008111749,0.08464393979941207,0.05034111396328519
778.0631372556477,0.033045483535148856,0.08462194750227191,0.05031824755431182
778.2465994431637,0.033022206454184924,0.0845999546184051,0.05029540054613122
778.4300616306798,0.032998958790411634,0.08457796116054134,0.05027257291120522
778.6135238181959,0.032975740496087896,0.08455596714138452,0.05024976462203549
778.7969860057119,0.03295255152354552,0.08453397257361273,0.05022697565116363
778.980448193228,0.032929391825189155,0.08451197746987824,0.05020420597117096
779.163910380744,0.03290626135349615,0.08448998184280766,0.05018145555467859
779.3473725682602,0.03288316006101648,0.08446798570500194,0.05015872437434736
779.5308347557763,0.03286008790037276,0.0844459890690363,0.05013601240287778
779.7142969432923,0.03283704482426008,0.08442399194746047,0.050113319613010035
779.8977591308083,0.032814030785445966,0.08440199435279859,0.050090645977523905
780.0812213183244,0.03279104573677029,0.0843799962975493,0.05006799146923876
780.2646835058405,0.03276808963114519,0.08435799779418576,0.05004535606101353
780.4481456933565,0.03274516242155501,0.08433599885515573,0.05002273972574659
780.6316078808727,0.032722264061056223,0.0843139994928816,0.05000014243637587
780.8150700683888,0.0326993945027773,0.0842919997197604,0.04997756416587864
780.9985322559047,0.032676553699918745,0.08426999954816386,0.049955004887271635
781.1819944434208,0.03265374160575288,0.08424799899043847,0.049932464573610905
781.3654566309369,0.03263095817362387,0.08422599805890553,0.04990994319799179
781.548918818453,0.0326082033569476,0.08420399676586113,0.04988744073354899
781.732381005969,0.03258547710921163,0.08418199512357627,0.04986495715345638
781.915843193485,0.03256277938397508,0.08415999314429683,0.04984249243092708
782.0993053810012,0.032540110134868606,0.08413799084024372,0.049820046539213375
782.2827675685172,0.03251746931559422,0.08411598822361271,0.04979761945160664
782.4662297560333,0.032494856879925316,0.08409398530657478,0.04977521114143741
782.6496919435494,0.032472272781706585,0.08407198210127584,0.04975282158207521
782.8331541310655,0.03244971697485385,0.08404997861983698,0.0497304507469286
783.0166163185814,0.03242718941335407,0.08402797487435451,0.04970809860944513
783.2000785060975,0.03240469005126525,0.0840059708768999,0.049685765143111314
783.3835406936137,0.03238221884271634,0.08398396663951982,0.049663450321452515
783.5670028811297,0.03235977574190716,0.08396196217423632,0.049641154118033014
783.7504650686458,0.03233736070310836,0.0839399574930467,0.04961887650645588
783.933927256162,0.032314973680661295,0.08391795260792369,0.04959661746036302
784.1173894436779,0.032292614628977936,0.0838959475308154,0.04957437695343505
784.300851631194,0.032270283502540874,0.08387394227364538,0.04955215495939128
784.48431381871,0.032247980255903204,0.08385193684831271,0.049529951451989795
784.6677760062262,0.032225704843688335,0.083829931266692,0.0495077664050272
784.8512381937422,0.032203457220590086,0.08380792554063342,0.04948559979233878
785.0347003812583,0.03218123734137251,0.08378591968196278,0.049463451587798336
785.2181625687743,0.03215904516086986,0.08376391370248153,0.04944132176531823
785.4016247562904,0.03213688063398645,0.0837419076139668,0.049419210298849256
785.5850869438065,0.03211474371569665,0.08371990142817146,0.04939711716238072
785.7685491313225,0.032092634361044745,0.08369789515682426,0.0493750423299403
785.9520113188387,0.0320705525251449,0.08367588881162964,0.04935298577559403
786.1354735063547,0.03204849816318105,0.08365388240426798,0.049330947473446296
786.3189356938707,0.032026471230406875,0.08363187594639551,0.04930892739763977
786.5023978813867,0.03200447168214564,0.08360986944964446,0.04928692552235542
786.6858600689029,0.03198249947379021,0.08358786292562302,0.049264941821812354
786.869322256419,0.03196055456080287,0.08356585638591538,0.0492429762702679
787.052784443935,0.031938636898715345,0.08354384984208181,0.04922102884201753
787.2362466314512,0.031916746443128655,0.08352184330565869,0.049199099511394825
787.4197088189671,0.031894883149713074,0.08349983678815852,0.049177188252771384
787.6031710064832,0.03187304697420799,0.08347783030107006,0.04915529504055685
787.7866331939993,0.031851237872421924,0.08345582385585819,0.04913341984919887
787.9700953815154,0.03182945580023237,0.08343381746396414,0.049111562653183
788.1535575690315,0.03180770071358578,0.08341181113680537,0.04908972342703276
788.3370197565474,0.031785972568497425,0.08338980488577576,0.04906790214530947
788.5204819440636,0.03176427132105133,0.0833677987222455,0.049046098782612305
788.7039441315796,0.03174259692740024,0.0833457926575613,0.04902431331357825
788.8874063190957,0.03172094934376548,0.08332378670304622,0.049002545712882
789.0708685066118,0.03169932852643694,0.08330178086999993,0.04898079595523602
789.2543306941279,0.03167773443177295,0.08327977516969856,0.0489590640153904
789.4377928816439,0.03165616701620023,0.08325776961339484,0.04893734986813288
789.6212550691599,0.03163462623621373,0.08323576421231818,0.04891565348828879
789.8047172566761,0.031613112048376704,0.08321375897767463,0.04889397485072104
789.9881794441922,0.03159162440932049,0.0831917539206469,0.048872313930329994
790.1716416317082,0.0315701632757445,0.08316974905239448,0.04885067070205358
790.3551038192243,0.03154872860441612,0.08314774438405362,0.048829045140867104
790.5385660067403,0.03152732035217067,0.08312573992673741,0.048807437221783295
790.7220281942564,0.03150593847591125,0.0831037356915358,0.04878584691985222
790.9054903817724,0.03148458293260872,0.08308173168951559,0.04876427421016129
791.0889525692885,0.03146325367930165,0.08305972793172059,0.04874271906783519
791.2724147568047,0.03144195067309612,0.08303772442917152,0.04872118146803585
791.4558769443207,0.03142067387116577,0.0830157211928662,0.048699661385962406
791.6393391318367,0.03139942323075164,0.08299371823377943,0.04867815879685115
791.8228013193528,0.031378198709162176,0.08297171556286313,0.04865667367597548
792.0062635068689,0.031357000263773034,0.08294971319104634,0.04863520599864592
792.189725694385,0.031335827852027084,0.08292771112923526,0.04861375574021
792.373187881901,0.03131468143143433,0.08290570938831336,0.048592322876052294
792.5566500694172,0.03129356095957179,0.08288370797914132,0.04857090738159433
792.7401122569331,0.031272466394083424,0.08286170691255713,0.048549509232294535
792.9235744444492,0.03125139769268013,0.08283970619937603,0.04852812840364825
793.1070366319653,0.03123035481313955,0.08281770585039072,0.04850676487118767
793.2904988194814,0.031209337713306036,0.08279570587637128,0.04848541861048177
793.4739610069975,0.031188346351090652,0.08277370628806517,0.048464089597136335
793.6574231945134,0.031167380684470947,0.08275170709619746,0.04844277780679383
793.8408853820296,0.031146440671490992,0.0827297083114706,0.048421483215133454
794.0243475695456,0.031125526270261262,0.0827077099445647,0.048400205797871035
794.2078097570617,0.031104637438958575,0.08268571200613738,0.04837894553075902
794.3912719445779,0.03108377413582595,0.08266371450682396,0.04835770238958642
794.5747341320939,0.03106293631917258,0.08264171745723742,0.04833647635017876
794.7581963196099,0.03104212394737379,0.08261972086796844,0.048315267388398093
794.9416585071259,0.031021336978870894,0.08259772474958543,0.0482940754801429
795.1251206946421,0.03100057537217109,0.08257572911263464,0.048272900601348076
795.3085828821581,0.030979839085847515,0.0825537339676401,0.048251742727984895
795.4920450696742,0.03095912807853903,0.08253173932510369,0.04823060183606097
795.6755072571902,0.03093844230895018,0.08250974519550522,0.04820947790162017
795.8589694447063,0.030917781735851146,0.08248775158930247,0.04818837090074265
796.0424316322224,0.030897146318077644,0.08246575851693111,0.04816728080954479
796.2258938197384,0.030876536014530838,0.08244376598880489,0.048146207604179106
796.4093560072546,0.03085595078417729,0.0824217740153156,0.04812515126083428
796.5928181947706,0.03083539058604883,0.08239978260683312,0.048104111755735056
796.7762803822867,0.030814855379242546,0.08237779177370544,0.048083089065142255
796.9597425698026,0.03079434512292062,0.0823558015262587,0.048062083165352695
797.1432047573188,0.030773859776310336,0.08233381187479734,0.04804109403269918
797.3266669448349,0.030753399298703958,0.08231182282960386,0.04802012164355045
797.5101291323509,0.030732963649458638,0.08228983440093923,0.04799916597431111
797.6935913198671,0.030712552787996384,0.08226784659904261,0.04797822700142166
797.8770535073832,0.0306921666738039,0.08224585943413153,0.04795730470135838
798.0605156948991,0.030671805266432605,0.08222387291640193,0.047936399050633335
798.2439778824152,0.030651468525498486,0.08220188705602821,0.047915510025794326
798.4274400699313,0.030631156410682047,0.08217990186316317,0.04789463760342487
798.6109022574474,0.030610868881728214,0.0821579173479381,0.04787378176014407
798.7943644449634,0.0305906058984463,0.08213593352046288,0.047852942472606706
798.9778266324796,0.030570367420709822,0.08211395039082597,0.04783211971750312
799.1612888199955,0.030550153408456553,0.08209196796909435,0.047811313471559154
799.3447510075116,0.030529963821688388,0.08206998626531377,0.04779052371153618
799.5282131950277,0.0305097986204712,0.08204800528950858,0.04776975041423101
799.7116753825438,0.03048965776493485,0.08202602505168186,0.04774899355647584
799.8951375700599,0.030469541215273104,0.08200404556181545,0.04772825311513828
800.0785997575758,0.030449448931743506,0.08198206682987004,0.047707529067121265
800.2620619450919,0.03042938087466731,0.08196008886578507,0.04768682138936302
800.445524132608,0.030409337004429427,0.0819381116794789,0.04766613005883698
800.6289863201241,0.03038931728147834,0.08191613528084882,0.04764545505255187
800.8124485076402,0.030369321666326006,0.08189415967977093,0.04762479634755152
800.9959106951563,0.030349350119547775,0.08187218488610046,0.0476041539209149
801.1793728826723,0.03032940260178235,0.08185021090967157,0.04758352774975613
801.3628350701883,0.03030947907373167,0.08182823776029749,0.04756291781122429
801.5462972577044,0.030289579496160852,0.08180626544777053,0.047542324082503556
801.7297594452206,0.030269703829898076,0.0817842939818621,0.047521746540812995
801.9132216327366,0.030249852035834586,0.0817623233723228,0.04750118516340666
802.0966838202527,0.030230024074924512,0.08174035362888245,0.04748063992757348
802.2801460077687,0.030210219908184854,0.08171838476125004,0.04746011081063724
802.4636081952848,0.030190439496695386,0.08169641677911385,0.04743959778995648
802.6470703828008,0.030170682801598608,0.08167444969214148,0.04741910084292461
802.8305325703169,0.03015094978409959,0.08165248350997983,0.04739861994696967
803.0139947578331,0.030131240405465977,0.08163051824225522,0.047378155079554445
803.1974569453491,0.03011155462702787,0.08160855389857331,0.04735770621817635
803.3809191328651,0.03009189241017774,0.0815865904885193,0.0473372733403674
803.5643813203812,0.03007225371637038,0.0815646280216578,0.04731685642369421
803.7478435078973,0.03005263850712281,0.08154266650753299,0.0472964554457579
803.9313056954134,0.03003304674401417,0.08152070595566853,0.04727607038419404
804.1147678829294,0.030013478388685694,0.0814987463755677,0.047255701216672705
804.2982300704456,0.0299939334028406,0.08147678777671342,0.04723534792089834
804.4816922579615,0.029974411748243994,0.08145483016856826,0.047215010474609756
804.6651544454776,0.029954913386722876,0.08143287356057448,0.04719468885558013
804.8486166329936,0.029935438280165937,0.0814109179621541,0.04717438304161689
805.0320788205098,0.029915986390523574,0.08138896338270887,0.047154093010561685
805.2155410080259,0.029896557679807766,0.08136700983162033,0.04713381874029042
805.3990031955418,0.029877152110092044,0.08134505731824984,0.04711356020871313
805.582465383058,0.02985776964351134,0.08132310585193873,0.04709331739377398
805.765927570574,0.029838410242261977,0.08130115544200814,0.04707309027345122
805.9493897580901,0.02981907386860156,0.08127920609775915,0.04705287882575715
806.1328519456061,0.029799760484848864,0.08125725782847286,0.047032683028738045
806.3163141331223,0.02978047005338383,0.08123531064341036,0.04701250286047415
806.4997763206383,0.029761202536647418,0.08121336455181279,0.04699233829907965
806.6832385081543,0.029741957897141617,0.08119141956290138,0.04697218932270264
806.8667006956705,0.02972273609742924,0.08116947568587746,0.04695205590952499
807.0501628831865,0.029703537100133952,0.08114753292992251,0.046931938037762376
807.2336250707026,0.029684360867940112,0.08112559130419815,0.04691183568566425
807.4170872582187,0.029665207363592804,0.08110365081784633,0.04689174883151381
807.6005494457347,0.029646076549897676,0.08108171147998915,0.04687167745362794
807.7840116332508,0.02962696838972082,0.08105977329972903,0.04685162153035706
807.9674738207668,0.02960788284598879,0.08103783628614877,0.04683158104008532
808.150936008283,0.029588819881688506,0.08101590044831143,0.04681155596123034
808.334398195799,0.029569779459867118,0.08099396579526053,0.04679154627224329
808.5178603833151,0.029550761543631992,0.08097203233601999,0.046771551951608814
808.701322570831,0.02953176609615058,0.08095010007959416,0.04675157297784498
808.8847847583472,0.029512793080650364,0.08092816903496794,0.04673160932950323
809.0682469458633,0.029493842460418845,0.0809062392111067,0.046711660985168456
809.2517091333793,0.02947491419880331,0.08088431061695647,0.04669172792345876
809.4351713208954,0.029456008259210936,0.08086238326144377,0.046671810123025584
809.6186335084116,0.029437124605108535,0.08084045715347582,0.04665190756255356
809.8020956959275,0.0294182632000226,0.08081853230194044,0.04663202022076051
809.9855578834436,0.02939942400753922,0.08079660871570622,0.046612148076397485
810.1690200709597,0.02938060699130392,0.08077468640362241,0.04659229110824856
810.3524822584758,0.029361812115021684,0.08075276537451911,0.046572449295130935
810.5359444459918,0.02934303934245678,0.08073084563720717,0.04655262261589482
810.7194066335078,0.02932428863743274,0.08070892720047826,0.04653281104942341
810.902868821024,0.02930555996383232,0.08068701007310496,0.0465130145746329
811.08633100854,0.029286853285597315,0.0806650942638407,0.046493233170472326
811.2697931960561,0.029268168566728574,0.08064317978141991,0.04647346681592363
811.4532553835722,0.02924950577128587,0.0806212666345579,0.046453715490001594
811.6367175710883,0.029230864863387877,0.08059935483195108,0.046433979171753764
811.8201797586042,0.029212245807212045,0.0805774443822768,0.04641425784026047
812.0036419461203,0.02919364856699449,0.08055553529419358,0.04639455147463472
812.1871041336365,0.029175073107030013,0.08053362757634096,0.046374860054022186
812.3705663211525,0.029156519391671964,0.08051172123733964,0.046355183557601216
812.5540285086686,0.02913798738533216,0.08048981628579151,0.046335521964582675
812.7374906961848,0.029119477052480823,0.08046791273027964,0.04631587525421006
812.9209528837007,0.0291009883576465,0.08044601057936834,0.04629624340575929
813.1044150712167,0.029082521265415988,0.08042410984160318,0.04627662639853881
813.2878772587328,0.02906407574043423,0.08040221052551107,0.04625702421188945
813.471339446249,0.0290456517474043,0.08038031263960019,0.04623743682518448
813.654801633765,0.029027249251087267,0.08035841619236014,0.04621786421782947
813.8382638212811,0.029008868216302115,0.08033652119226185,0.04619830636926228
814.021726008797,0.02899050860792573,0.08031462764775783,0.04617876325895311
814.2051881963132,0.02897217039089277,0.08029273556728189,0.046159234866404324
814.3886503838293,0.028953853530195594,0.08027084495924944,0.046139721171150484
814.5721125713453,0.02893555799088417,0.08024895583205738,0.04612022215275828
814.7555747588615,0.02891728373806605,0.08022706819408416,0.04610073779082656
814.9390369463775,0.02889903073690624,0.08020518205368989,0.04608126806498617
815.1224991338935,0.028880798952627164,0.08018329741921623,0.04606181295490003
815.3059613214095,0.028862588350508544,0.08016141429898657,0.046042372440263
815.4894235089257,0.028844398895887358,0.08013953270130596,0.04602294650080193
815.6728856964418,0.028826230554157763,0.08011765263446122,0.04600353511627555
815.8563478839578,0.028808083290770992,0.08009577410672084,0.04598413826647444
816.039810071474,0.02878995707123529,0.08007389712633516,0.045964755931221006
816.2232722589899,0.028771851861115843,0.08005202170153636,0.04594538809036946
816.406734446506,0.02875376762603472,0.08003014784053845,0.04592603472380574
816.590196634022,0.028735704331670754,0.0800082755515373,0.04590669581144749
816.7736588215382,0.028717661943759454,0.0799864048427108,0.04588737133324399
816.9571210090543,0.02869964042809303,0.07996453572221866,0.04586806126917619
817.1405831965702,0.02868163975052019,0.0799426681982027,0.04584876559925659
817.3240453840864,0.028663659876946124,0.07992080227878665,0.04582948430352921
817.5075075716024,0.028645700773332467,0.07989893797207633,0.045810217362069625
817.6909697591185,0.028627762405697123,0.07987707528615964,0.04579096475498481
817.8744319466346,0.02860984474011428,0.07985521422910667,0.04577172646241324
818.0578941341507,0.028591947742714285,0.07983335480896951,0.04575250246452466
818.2413563216667,0.02857407137968359,0.07981149703378253,0.04573329274152027
818.4248185091827,0.02855621561726466,0.07978964091156228,0.0457140972736325
818.6082806966988,0.02853838042175589,0.0797677864503075,0.04569491604112506
818.791742884215,0.028520565759511573,0.0797459336579993,0.045675749024292854
818.975205071731,0.028502771596941756,0.07972408254260102,0.04565659620346203
819.1586672592471,0.02848499790051226,0.07970223311205835,0.045637457558989826
819.3421294467631,0.028467244636744483,0.07968038537429936,0.04561833307126459
819.5255916342792,0.028449511772215386,0.0796585393372345,0.045599222720705705
819.7090538217952,0.028431799273557472,0.07963669500875666,0.04558012648776364
819.8925160093113,0.02841410710745863,0.07961485239674115,0.04556104435291978
820.0759781968275,0.028396435240662064,0.07959301150904588,0.04554197629668648
820.2594403843435,0.02837878363996621,0.07957117235351113,0.04552292229960697
820.4429025718595,0.02836115227222477,0.07954933493795985,0.04550388234225537
820.6263647593756,0.02834354110434651,0.07952749927019752,0.045484856405236626
820.8098269468917,0.02832595010329521,0.07950566535801228,0.0454658444691864
820.9932891344077,0.02830837923608965,0.07948383320917486,0.0454468465147712
821.1767513219238,0.028290828469803426,0.0794620028314387,0.04542786252268813
821.36021350944,0.028273297771565,0.07944017423254,0.045408892473665
821.5436756969559,0.028255787108557556,0.0794183474201976,0.045389936348460266
821.727137884472,0.028238296448018896,0.07939652240211316,0.045370994127862926
821.9106000719881,0.02822082575724143,0.07937469918597113,0.04535206579269252
822.0940622595042,0.028203375003572062,0.07935287777943885,0.0453331513237991
822.2775244470203,0.02818594415441212,0.07933105819016642,0.0453142507020632
822.4609866345362,0.028168533177217302,0.07930924042578692,0.04529536390839573
822.6444488220524,0.02815114203949755,0.07928742449391629,0.045276490923738005
822.8279110095684,0.028133770708817042,0.07926561040215349,0.04525763172906168
823.0113731970845,0.02811641915279406,0.07924379815808043,0.04523878630536872
823.1948353846005,0.028099087339100947,0.07922198776926205,0.045219954633691356
823.3782975721167,0.02808177523546403,0.0792001792432463,0.04520113669509201
823.5617597596327,0.028064482809663525,0.07917837258756424,0.04518233247066332
823.7452219471487,0.028047210029533448,0.07915656780973006,0.04516354194152803
823.9286841346649,0.02802995686296164,0.07913476491724106,0.04514476508883905
824.1121463221809,0.028012723277889555,0.07911296391757767,0.045126001893779286
824.295608509697,0.027995509242312276,0.07909116481820361,0.04510725233756172
824.479070697213,0.027978314724278374,0.07906936762656572,0.04508851640142925
824.6625328847291,0.02796113969188994,0.07904757235009419,0.0450697940666548
824.8459950722452,0.027943984113302393,0.07902577899620243,0.04505108531454117
825.0294572597612,0.027926847956724454,0.07900398757228724,0.045032390126420976
825.2129194472774,0.027909731190418112,0.07898219808572873,0.045013708483656746
825.3963816347934,0.02789263378269844,0.07896041054389034,0.044995040367640696
825.5798438223095,0.027875555701933674,0.078938624954119,0.04497638575979489
825.7633060098254,0.027858496916544996,0.07891684132374512,0.04495774464157104
825.9467681973416,0.02784145739500652,0.07889505966008241,0.04493911699445053
826.1302303848577,0.02782443710584525,0.07887327997042819,0.044920502799944376
826.3136925723737,0.027807436017640935,0.07885150226206328,0.04490190203959318
826.4971547598899,0.027790454099026078,0.07882972654225213,0.04488331469496713
826.680616947406,0.027773491318685773,0.07880795281824268,0.04486474074766586
826.8640791349219,0.027756547645357656,0.07878618109726651,0.04484618017931852
827.047541322438,0.027739623047831896,0.07876441138653889,0.04482763297158367
827.2310035099541,0.02772271749495105,0.07874264369325873,0.04480909910614927
827.4144656974702,0.027705830955610022,0.07872087802460863,0.04479057856473264
827.5979278849862,0.027688963398755966,0.078699114387755,0.044772071329080405
827.7813900725022,0.02767211479338822,0.07867735278984789,0.044753577380968454
827.9648522600183,0.027655285108558247,0.07865559323802125,0.04473509670220191
828.1483144475344,0.02763847431336954,0.07863383573939281,0.0447166292746151
828.3317766350505,0.027621682376977586,0.07861208030106417,0.04469817508007153
828.5152388225666,0.027604909268589727,0.07859032693012083,0.04467973410046379
828.6987010100827,0.02758815495746516,0.0785685756336321,0.044661306317713534
828.8821631975986,0.02757141941291481,0.07854682641865136,0.0446428917137715
829.0656253851147,0.02755470260430129,0.07852507929221589,0.0446244902706174
829.2490875726309,0.027538004501038764,0.07850333426134697,0.044606101970259875
829.4325497601469,0.027521325072593,0.07848159133304992,0.044587726794736576
829.616011947663,0.02750466428848114,0.07845985051431412,0.044569364726113926
829.7994741351791,0.027488022118271754,0.07843811181211295,0.04455101574648723
829.9829363226951,0.027471398531584718,0.0784163752334041,0.04453267983798068
830.1663985102111,0.027454793498091094,0.07839464078512921,0.0445143569827471
830.3498606977272,0.027438206987513154,0.07837290847421416,0.044496047162968094
830.5333228852434,0.027421638969624223,0.07835117830756905,0.04447775036085397
830.7167850727594,0.027405089414248667,0.07832945029208818,0.044459466558643676
830.9002472602755,0.02738855829126176,0.07830772443465012,0.04444119573860476
831.0837094477915,0.027372045570589677,0.0782860007421177,0.04442293788303332
831.2671716353076,0.027355551222209347,0.07826427922133808,0.04440469297425401
831.4506338228236,0.027339075216148458,0.07824255987914282,0.044386460994619986
831.6340960103397,0.027322617522485333,0.07822084272234774,0.044368241926512814
831.8175581978559,0.02730617811134885,0.07819912775775316,0.04435003575234252
832.0010203853719,0.027289756952918437,0.07817741499214376,0.044331842454547465
832.1844825728879,0.027273354017423902,0.07815570443228871,0.044313662015594384
832.3679447604039,0.027256969275145426,0.07813399608494163,0.044295494417978254
832.5514069479201,0.027240602696413492,0.07811228995684072,0.04427733964422236
832.7348691354362,0.027224254251608772,0.07809058605470866,0.0442591976768782
832.9183313229522,0.027207923911162092,0.0780688843852527,0.044241068498525424
833.1017935104684,0.027191611645554347,0.0780471849551647,0.04422295209177184
833.2852556979843,0.027175317425316443,0.07802548777112117,0.04420484843925339
833.4687178855004,0.02715904122102915,0.07800379283978323,0.04418675752363401
833.6521800730164,0.02714278300332315,0.07798210016779675,0.044168679327605744
833.8356422605326,0.02712654274287888,0.07796040976179222,0.04415061383388854
834.0191044480487,0.0271103204104265,0.07793872162838492,0.044132561025230395
834.2025666355646,0.02709411597674575,0.07791703577417486,0.04411452088440707
834.3860288230808,0.027077929412666006,0.07789535220574687,0.04409649339422235
834.5694910105968,0.027061760689066083,0.0778736709296706,0.04407847853750776
834.7529531981129,0.027045609776874258,0.07785199195250055,0.04406047629712266
834.936415385629,0.0270294766470681,0.07783031528077604,0.04404248665595414
835.1198775731451,0.027013361270674503,0.07780864092102138,0.04402450959691702
835.3033397606611,0.02699726361876955,0.07778696887974576,0.04400654510295379
835.4868019481771,0.026981183662478432,0.07776529916344331,0.04398859315703459
835.6702641356933,0.02696512137297542,0.07774363177859321,0.043970653742157174
835.8537263232093,0.026949076721483778,0.07772196673165964,0.04395272684134683
836.0371885107254,0.0269330496792757,0.07770030402909174,0.0439348124376564
836.2206506982415,0.02691704021767219,0.07767864367732377,0.043916910514166185
836.4041128857575,0.02690104830804304,0.07765698568277514,0.04389902105398395
836.5875750732736,0.026885073921806762,0.07763533005185028,0.04388114404024488
836.7710372607896,0.026869117030430482,0.07761367679093881,0.0438632794561115
836.9544994483057,0.02685317760542989,0.07759202590641558,0.04384542728477368
837.1379616358219,0.026837255618369183,0.07757037740464055,0.04382758750944864
837.3214238233379,0.026821351040860947,0.07754873129195901,0.043809760113380766
837.5048860108539,0.02680546384456615,0.07752708757470142,0.04379194507984174
837.68834819837,0.026789594001194007,0.0775054462591836,0.04377414239213037
837.8718103858861,0.026773741482501945,0.0774838073517066,0.04375635203357264
838.0552725734021,0.026757906260295533,0.07746217085855686,0.04373857398752165
838.2387347609182,0.026742088306428425,0.07744053678600624,0.043720808237357536
838.4221969484344,0.026726287592802222,0.07741890514031186,0.04370305476648745
838.6056591359503,0.026710504091366487,0.07739727592771632,0.04368531355834558
838.7891213234664,0.0266947377741186,0.07737564915444775,0.043667584596393035
838.9725835109825,0.026678988613103766,0.07735402482671962,0.04364986786411785
839.1560456984986,0.02666325658041488,0.07733240295073096,0.04363216334503494
839.3395078860146,0.02664754164819248,0.07731078353266635,0.04361447102268607
839.5229700735306,0.026631843788624654,0.07728916657869588,0.043596790880639766
839.7064322610468,0.026616162973947012,0.07726755209497524,0.04357912290249134
839.8898944485628,0.02660049917644261,0.07724594008764574,0.04356146707186286
840.0733566360789,0.026584852368441835,0.07722433056283426,0.04354382337240302
840.256818823595,0.026569222522322376,0.07720272352665339,0.043526191787787216
840.4402810111111,0.02655360961050914,0.0771811189852014,0.04350857230171744
840.623743198627,0.026538013605474177,0.07715951694456231,0.04349096489792223
840.8072053861431,0.02652243447973664,0.07713791741080579,0.043473369560156724
840.9906675736593,0.026506872205862675,0.07711632038998731,0.043455786272202486
841.1741297611753,0.026491326756465372,0.07709472588814817,0.04343821501786761
841.3575919486914,0.026475798104204685,0.07707313391131541,0.04342065578098654
841.5410541362074,0.026460286221787373,0.07705154446550201,0.043403108545420184
841.7245163237235,0.02644479108196694,0.07702995755670672,0.043385573295055754
841.9079785112395,0.02642931265754354,0.07700837319091425,0.043368050013806766
842.0914406987556,0.026413850921363898,0.07698679137409521,0.04335053868561302
842.2749028862718,0.026398405846321298,0.07696521211220615,0.043333039294440566
842.4583650737878,0.026382977405355473,0.07694363541118959,0.04331555182428165
842.6418272613039,0.026367565571452527,0.07692206127697404,0.043298076259154654
842.8252894488198,0.02635217031764489,0.0769004897154741,0.04328061258310414
843.008751636336,0.02633679161701121,0.07687892073259033,0.04326316078020068
843.1922138238521,0.026321429442676368,0.0768573543342094,0.04324572083454094
843.3756760113681,0.026306083767811295,0.07683579052620408,0.0432282927302476
843.5591381988843,0.026290754565632967,0.07681422931443331,0.043210876451469295
843.7426003864003,0.026275441809404387,0.0767926707047421,0.04319347198238062
843.9260625739163,0.026260145472434403,0.07677111470296175,0.043176079307182064
844.1095247614323,0.026244865528077716,0.0767495613149096,0.04315869841009996
844.2929869489485,0.02622960194973479,0.0767280105463894,0.043141329275386504
844.4764491364646,0.02621435471085175,0.07670646240319103,0.043123971887319604
844.6599113239806,0.026199123784920418,0.07668491689109067,0.04310662623020303
844.8433735114968,0.026183909145478128,0.07666337401585085,0.04308929228836618
845.0268356990127,0.02616871076610771,0.0766418337832204,0.043071970046164164
845.2102978865288,0.026153528620437398,0.07662029619893448,0.043054659487977716
845.3937600740448,0.026138362682140807,0.07659876126871469,0.043037360598213205
845.577222261561,0.026123212924936818,0.076577228998269,0.04302007336130251
845.7606844490771,0.026108079322589562,0.07655569939329185,0.04300279776170311
845.944146636593,0.026092961848908247,0.07653417245946406,0.04298553378389793
846.1276088241091,0.026077860477747246,0.07651264820245302,0.04296828141239537
846.3110710116252,0.026062775183005878,0.07649112662791255,0.04295104063172922
846.4945331991413,0.026047705938628447,0.07646960774148305,0.04293381142645868
846.6779953866574,0.02603265271860411,0.07644809154879147,0.042916593781168313
846.8614575741735,0.026017615496966844,0.0764265780554513,0.04289938768046792
847.0449197616895,0.026002594247795358,0.07640506726706273,0.04288219310899266
847.2283819492055,0.025987588945213046,0.07638355918921248,0.042865010051402856
847.4118441367216,0.025972599563387887,0.07636205382747398,0.04284783849238408
847.5953063242378,0.025957626076532413,0.07634055118740733,0.042830678416647026
847.7787685117538,0.025942668458903632,0.07631905127455933,0.04281352980892754
847.9622306992699,0.02592772668480294,0.07629755409446354,0.04279639265398657
848.145692886786,0.025912800728576067,0.07627605965264023,0.04277926693661006
848.329155074302,0.025897890564613023,0.07625456795459644,0.042762152641609
848.512617261818,0.025882996167348023,0.07623307900582611,0.04274504975381939
848.6960794493341,0.025868117511259392,0.0762115928118099,0.042727958258102154
848.8795416368503,0.02585325457086953,0.07619010937801539,0.042710878139343066
849.0630038243663,0.025838407320744862,0.07616862870989698,0.04269380938245284
849.2464660118823,0.025823575735495718,0.07614715081289603,0.042676751972367
849.4299281993984,0.02580875978977628,0.07612567569244083,0.04265970589404587
849.6133903869145,0.025793959458284575,0.07610420335394658,0.04264267113247454
849.7968525744305,0.025779174715762333,0.07608273380281542,0.04262564767266279
849.9803147619466,0.025764405536994932,0.07606126704443662,0.04260863549964511
850.1637769494628,0.025749651896811387,0.07603980308418634,0.04259163459848067
850.3472391369787,0.025734913770084217,0.07601834192742786,0.04257464495425323
850.5307013244948,0.025720191131729443,0.07599688357951151,0.04255766655207112
850.7141635120108,0.02570548395670641,0.07597542804577471,0.04254069937706721
850.897625699527,0.025690792220017862,0.07595397533154202,0.04252374341439889
851.081087887043,0.0256761158967098,0.07593252544212517,0.042506798649248057
851.264550074559,0.02566145496187141,0.07591107838282295,0.04248986506682097
851.4480122620752,0.025646809390635007,0.07588963415892144,0.04247294265234833
851.6314744495912,0.025632179158175995,0.07586819277569394,0.04245603139108521
851.8149366371073,0.025617564239712752,0.07584675423840095,0.04243913126831099
851.9983988246233,0.025602964610506623,0.07582531855229022,0.04242224226932933
852.1818610121395,0.025588380245861807,0.0758038857225968,0.04240536437946819
852.3653231996554,0.025573811121125296,0.0757824557545431,0.042388497584079685
852.5487853871715,0.025559257211686826,0.07576102865333881,0.04237164186854017
852.7322475746877,0.02554471849297881,0.07573960442418096,0.042354797218250126
852.9157097622037,0.025530194940476297,0.07571818307225404,0.042337963618634164
853.0991719497198,0.025515686529696824,0.07569676460272992,0.04232114105514095
853.2826341372358,0.02550119323620041,0.07567534902076786,0.04230432951324317
853.466096324752,0.025486715035589518,0.07565393633151456,0.04228752897843756
853.649558512268,0.025472251903508953,0.0756325265401043,0.042270739436244806
853.833020699784,0.025457803815645746,0.07561111965165876,0.042253960872209534
854.0164828873002,0.025443370747729205,0.07558971567128714,0.042237193271900245
854.1999450748162,0.025428952675530768,0.07556831460408626,0.04222043662090933
854.3834072623323,0.025414549574863943,0.07554691645514047,0.04220369090485301
854.5668694498482,0.025400161421584255,0.0755255212295217,0.04218695610937127
854.7503316373644,0.0253857881915892,0.07550412893228954,0.04217023222012787
854.9337938248805,0.02537142986081814,0.07548273956849114,0.04215351922281027
855.1172560123965,0.025357086405252287,0.07546135314316141,0.04213681710312965
855.3007181999126,0.025342757800914616,0.07543996966132285,0.04212012584682083
855.4841803874288,0.025328444023869773,0.07541858912798577,0.04210344543964224
855.6676425749447,0.025314145050224012,0.07539721154814814,0.04208677586737587
855.8511047624607,0.025299860856125206,0.07537583692679568,0.04207011711582726
856.0345669499769,0.02528559141776271,0.07535446526890195,0.0420534691708255
856.218029137493,0.025271336711367293,0.07533309657942824,0.04203683201822311
856.401491325009,0.02525709671321112,0.07531173086332371,0.042020205643896066
856.584953512525,0.025242871399607653,0.07529036812552539,0.04200359003374375
856.7684157000411,0.02522866074691161,0.0752690083709581,0.04198698517368891
856.9518778875572,0.025214464731518837,0.07524765160453459,0.041970391049677584
857.1353400750733,0.025200283329866395,0.07522629783115559,0.04195380764767921
857.3188022625894,0.025186116518432305,0.07520494705570963,0.041937234953686404
857.5022644501055,0.025171964273735616,0.0751835992830733,0.04192067295371502
857.6857266376214,0.025157826572336266,0.07516225451811122,0.041904121633804144
857.8691888251375,0.02514370339083511,0.07514091276567585,0.04188758098001598
858.0526510126537,0.025129594705873753,0.07511957403060786,0.0418710509784359
858.2361132001697,0.02511550049413454,0.07509823831773588,0.04185453161517234
858.4195753876858,0.02510142073234048,0.07507690563187655,0.041838022876356726
858.6030375752019,0.025087355397255207,0.07505557597783472,0.04182152474814364
858.786499762718,0.025073304465682872,0.07503424936040332,0.041805037216710535
858.9699619502339,0.025059267914468126,0.0750129257843634,0.04178856026825788
859.15342413775,0.025045245720496007,0.07499160525448423,0.04177209388900901
859.3368863252662,0.025031237860691946,0.07497028777552316,0.041755638065210175
859.5203485127822,0.025017244312021607,0.07494897335222583,0.04173919278313046
859.7038107002983,0.025003265051490947,0.07492766198932613,0.04172275802906179
859.8872728878142,0.02498930005614602,0.07490635369154615,0.04170633378931882
860.0707350753304,0.024975349303073,0.07488504846359623,0.04168992005023896
860.2541972628464,0.0249614127693981,0.07486374631017503,0.04167351679818232
860.4376594503625,0.024947490432287524,0.0748424472359696,0.04165712401953174
860.6211216378787,0.024933582268947353,0.07482115124565523,0.04164074170069264
860.8045838253947,0.02491968825662354,0.07479985834389564,0.04162436982809306
860.9880460129107,0.0249058083726018,0.0747785685353429,0.04160800838818364
861.1715082004267,0.024891942594207603,0.07475728182463748,0.04159165736743751
861.3549703879429,0.024878090898806042,0.07473599821640828,0.041575316752350315
861.538432575459,0.024864253263801823,0.07471471771527269,0.041558986529440206
861.721894762975,0.024850429666639185,0.07469344032583652,0.04154266668524771
861.9053569504912,0.024836620084801846,0.07467216605269412,0.041526357206335796
862.0888191380071,0.024822824495812933,0.07465089490042831,0.041510058079289786
862.2722813255232,0.0248090428772349,0.07462962687361048,0.041493769290717325
862.4557435130392,0.02479527520666952,0.07460836197680057,0.04147749082724837
862.6392057005554,0.024781521461757765,0.07458710021454709,0.04146122267553514
862.8226678880715,0.024767781620179778,0.07456584159138716,0.04144496482225205
863.0061300755874,0.0247540556596548,0.07454458611184653,0.04142871725409577
863.1895922631036,0.024740343557941104,0.07452333378043959,0.04141247995778508
863.3730544506196,0.024726645292835973,0.07450208460166938,0.04139625292006093
863.5565166381357,0.024712960842175544,0.0744808385800277,0.04138003612768633
863.7399788256517,0.024699290183834842,0.07445959571999493,0.041363829567446345
863.9234410131679,0.024685633295727687,0.07443835602604026,0.04134763322614808
864.1069032006839,0.024671990155806643,0.07441711950262167,0.04133144709062068
864.2903653881999,0.024658360742062894,0.07439588615418584,0.04131527114771515
864.473827575716,0.024644745032526266,0.07437465598516829,0.04129910538430451
864.6572897632321,0.024631143005265137,0.07435342899999332,0.041282949787283627
864.8407519507482,0.02461755463838634,0.07433220520307413,0.041266804343569226
865.0242141382643,0.02460397991003515,0.07431098459881266,0.04125066904009985
865.2076763257804,0.02459041879839521,0.07428976719159987,0.041234543863835876
865.3911385132964,0.024576871281688447,0.07426855298581554,0.041218428801759396
865.5746007008124,0.02456333733817504,0.07424734198582836,0.04120232384087424
865.7580628883285,0.024549816946153345,0.07422613419599602,0.04118622896820592
865.9415250758447,0.024536310083959845,0.07420492962066516,0.04117014417080163
866.1249872633607,0.024522816729969053,0.07418372826417134,0.04115406943573015
866.3084494508767,0.02450933686259351,0.07416253013083923,0.041138004750081864
866.4919116383928,0.024495870460283682,0.07414133522498242,0.04112195010096874
866.6753738259089,0.024482417501527905,0.07412014355090366,0.04110590547552424
866.8588360134249,0.024468977964852357,0.0740989551128946,0.04108987086090332
867.042298200941,0.024455551828820934,0.07407776991523621,0.04107384624428242
867.2257603884572,0.024442139072035254,0.0740565879621984,0.04105783161285937
867.4092225759731,0.024428739673134556,0.07403540925804021,0.04104182695385337
867.5926847634892,0.024415353610795658,0.07401423380700997,0.04102583225450507
867.7761469510053,0.024401980863732894,0.073993061613345,0.04100984750207633
867.9596091385214,0.02438862141069806,0.07397189268127193,0.04099387268385039
868.1430713260374,0.024375275230480324,0.0739507270150066,0.0409779077871317
868.3265335135534,0.02436194230190622,0.07392956461875402,0.04096195279924598
868.5099957010696,0.024348622603839527,0.07390840549670855,0.040946007707540075
868.6934578885856,0.024335316115181235,0.0738872496530537,0.04093007249938205
868.8769200761017,0.024322022814869535,0.0738660970919624,0.04091414716216107
869.0603822636177,0.024308742681879686,0.0738449478175968,0.04089823168328742
869.2438444511339,0.02429547569522397,0.07382380183410844,0.040882326050192416
869.4273066386498,0.02428222183395167,0.0738026591456382,0.04086643025032842
869.6107688261659,0.024268981077148963,0.07378151975631633,0.040850544271168784
869.7942310136821,0.0242557534039389,0.0737603836702625,0.04083466810020782
869.9776932011981,0.024242538793481334,0.07373925089158576,0.04081880172496076
870.1611553887142,0.024229337224972843,0.07371812142438458,0.04080294513296377
870.3446175762302,0.024216148677646702,0.07369699527274703,0.04078709831177388
870.5280797637464,0.024202973130772788,0.07367587244075047,0.0407712612489689
870.7115419512623,0.024189810563657564,0.07365475293246185,0.04075543393214749
870.8950041387784,0.024176660955643966,0.07363363675193765,0.040739616348929066
871.0784663262946,0.02416352428611141,0.0736125239032238,0.040723808486953755
871.2619285138106,0.024150400534475685,0.07359141439035592,0.04070801033388244
871.4453907013267,0.024137289680188904,0.07357030821735916,0.04069222187739664
871.6288528888426,0.02412419170273942,0.0735492053882482,0.04067644310519851
871.8123150763588,0.024111106581651852,0.07352810590702738,0.04066067400501081
871.9957772638749,0.02409803429648695,0.07350700977769069,0.0406449145645769
872.1792394513909,0.024084974826841535,0.07348591700422179,0.040629164771660675
872.3627016389071,0.024071928152348473,0.07346482759059399,0.0406134246140465
872.5461638264231,0.024058894252676637,0.07344374154077025,0.04059769407953926
872.7296260139391,0.024045873107530768,0.07342265885870336,0.04058197315596428
872.9130882014551,0.02403286469665151,0.07340157954833579,0.04056626183116729
873.0965503889713,0.024019868999815293,0.0733805036135997,0.040550560093014394
873.2800125764874,0.02400688599683428,0.07335943105841716,0.04053486792939207
873.4634747640034,0.02399391566755634,0.07333836188669993,0.04051918532820709
873.6469369515194,0.02398095799186495,0.07331729610234959,0.04050351227738652
873.8303991390355,0.023968012949679186,0.0732962337092576,0.04048784876487767
874.0138613265516,0.023955080520953628,0.07327517471130525,0.040472194778648114
874.1973235140676,0.023942160685678286,0.07325411911236371,0.040456550306685546
874.3807857015838,0.023929253423878586,0.073233066916294,0.04044091533699787
874.5642478890999,0.023916358715615295,0.07321201812694716,0.0404252898576131
874.7477100766158,0.02390347654098447,0.07319097274816404,0.04040967385657935
874.9311722641319,0.02389060688011738,0.07316993078377552,0.040394067321964794
875.114634451648,0.023877749713180466,0.07314889223760243,0.04037847024185764
875.2980966391641,0.023864905020375287,0.07312785711345551,0.04036288260436609
875.4815588266802,0.023852072781938446,0.07310682541513566,0.04034730439761831
875.6650210141963,0.023839252978141556,0.07308579714643368,0.04033173560976242
875.8484832017124,0.023826445589291156,0.07306477231113048,0.04031617622896643
876.0319453892283,0.02381365059572867,0.073043750912997,0.04030062624341823
876.2154075767444,0.023800867977830355,0.07302273295579431,0.04028508564132556
876.3988697642606,0.02378809771600724,0.07300171844327354,0.040269554410915946
876.5823319517766,0.023775339790705056,0.07298070737917595,0.04025403254043673
876.7657941392927,0.02376259418240419,0.07295969976723299,0.04023852001815498
876.9492563268088,0.02374986087161963,0.07293869561116618,0.04022301683235746
877.1327185143248,0.023737139838900904,0.07291769491468728,0.04020752297135065
877.3161807018408,0.023724431064832054,0.07289669768149824,0.04019203842346068
877.4996428893569,0.023711734530031496,0.07287570391529127,0.04017656317703332
877.6831050768731,0.023699050215152083,0.07285471361974874,0.040161097220433886
877.8665672643891,0.02368637810088093,0.07283372679854332,0.04014564054204729
878.0500294519051,0.023673718167939454,0.07281274345533792,0.04013019313027797
878.2334916394212,0.02366107039708324,0.07279176359378578,0.04011475497354985
878.4169538269373,0.02364843476910206,0.07277078721753044,0.040099326060306334
878.6004160144533,0.023635811264819756,0.07274981433020576,0.040083906379010256
878.7838782019694,0.02362319986509421,0.07272884493543598,0.04006849591814387
878.9673403894856,0.023610600550817294,0.07270787903683565,0.04005309466620878
879.1508025770015,0.023598013302914795,0.0726869166380098,0.04003770261172598
879.3342647645176,0.02358543810234638,0.07266595774255373,0.04002231974323571
879.5177269520336,0.02357287493010552,0.07264500235405327,0.04000694604929755
879.7011891395498,0.023560323767219442,0.07262405047608467,0.03999158151849029
879.8846513270659,0.023547784594749092,0.0726031021122146,0.039976226139411986
880.0681135145818,0.023535257393789054,0.07258215726600023,0.039960879900679834
880.251575702098,0.023522742145467505,0.07256121594098924,0.03994554279093024
880.435037889614,0.02351023883094617,0.07254027814071984,0.03993021479881871
880.6185000771301,0.02349774743142024,0.07251934386872075,0.03991489591301986
880.8019622646461,0.02348526792811832,0.0724984131285112,0.03989958612222734
880.9854244521623,0.023472800302302428,0.07247748592360105,0.03988428541515388
881.1688866396784,0.023460344535267873,0.07245656225749074,0.03986899378053123
881.3523488271943,0.023447900608343227,0.0724356421336713,0.03985371120711005
881.5358110147105,0.023435468502890282,0.07241472555562442,0.03983843768366002
881.7192732022265,0.023423048200303963,0.07239381252682237,0.03982317319896968
881.9027353897426,0.0234106396820123,0.0723729030507281,0.039807917741846485
882.0861975772586,0.02339824292947637,0.0723519971307953,0.039792671301116744
882.2696597647748,0.023385857924190255,0.07233109477046827,0.039777433865625586
882.4531219522908,0.02337348464768093,0.07231019597318208,0.039762205424236925
882.6365841398068,0.023361123081508277,0.07228930074236252,0.03974698596583345
882.820046327323,0.023348773207265007,0.0722684090814261,0.03973177547931659
883.003508514839,0.023336435006576586,0.07224752099378015,0.03971657395360647
883.1869707023551,0.023324108461101216,0.07222663648282275,0.03970138137764189
883.370432889871,0.023311793552529735,0.07220575555194281,0.039686197740380305
883.5538950773872,0.02329949026258562,0.07218487820452003,0.03967102303079776
883.7373572649033,0.023287198573024883,0.07216400444392498,0.03965585723788892
883.9208194524193,0.023274918465636042,0.07214313427351911,0.03964070035066698
884.1042816399354,0.02326264992224005,0.07212226769665467,0.03962555235816366
884.2877438274515,0.023250392924690284,0.07210140471667485,0.03961041324942919
884.4712060149675,0.023238147454872425,0.07208054533691374,0.039595283013532226
884.6546682024835,0.023225913494704452,0.07205968956069633,0.03958016163955991
884.8381303899997,0.023213691026136598,0.07203883739133868,0.039565049116617776
885.0215925775158,0.023201480031151238,0.07201798883214769,0.039549945433829704
885.2050547650318,0.023189280491762894,0.07199714388642121,0.03953485058033794
885.3885169525478,0.023177092390018163,0.07197630255744825,0.039519764545303086
885.571979140064,0.023164915707995642,0.07195546484850865,0.03950468731790395
885.75544132758,0.02315275042780591,0.07193463076287344,0.039489618887337645
885.9389035150961,0.023140596531591444,0.07191380030380459,0.03947455924281953
886.1223657026122,0.02312845400152659,0.07189297347455523,0.03945950837358312
886.3058278901283,0.023116322819817507,0.07187215027836949,0.039444466268880124
886.4892900776443,0.023104202968702085,0.07185133071848263,0.03942943291798037
886.6727522651603,0.023092094430449944,0.07183051479812105,0.03941440831017184
886.8562144526765,0.023079997187362318,0.0718097025205023,0.039399392434760545
887.0396766401925,0.023067911221772056,0.07178889388883505,0.03938438528107058
887.2231388277086,0.02305583651604353,0.07176808890631914,0.03936938683844402
887.4066010152247,0.023043773052572634,0.07174728757614565,0.03935439709624101
887.5900632027408,0.023031720813786672,0.0717264899014968,0.03933941604383959
887.7735253902567,0.023019679782144333,0.07170569588554608,0.03932444367063575
887.9569875777728,0.023007649940135655,0.07168490553145822,0.039309479966043406
888.140449765289,0.022995631270281945,0.07166411884238914,0.039294524919494325
888.323911952805,0.022983623755135723,0.07164333582148613,0.03927957852043814
888.5073741403211,0.02297162737728072,0.07162255647188778,0.03926464075834232
888.690836327837,0.022959642119331748,0.07160178079672383,0.039249711622692064
888.8742985153532,0.022947667963934708,0.07158100879911553,0.03923479110299037
889.0577607028692,0.022935704893766538,0.07156024048217534,0.03921987918875797
889.2412228903853,0.022923752891535108,0.07153947584900718,0.039204975869533275
889.4246850779015,0.02291181193997923,0.07151871490270627,0.03919008113487241
889.6081472654175,0.02289988202186857,0.07149795764635927,0.03917519497434912
889.7916094529335,0.0228879631200036,0.07147720408304425,0.039160317377554744
889.9750716404495,0.022876055217215564,0.07145645421583069,0.03914544833409826
890.1585338279657,0.022864158296366406,0.07143570804777948,0.039130587833606144
890.3419960154818,0.022852272340348714,0.07141496558194302,0.03911573586572246
890.5254582029978,0.02284039733208571,0.07139422682136519,0.03910089242010873
890.708920390514,0.022828533254531155,0.07137349176908134,0.03908605748644397
890.8923825780299,0.022816680090669318,0.07135276042811829,0.03907123105442464
891.075844765546,0.022804837823514897,0.07133203280149447,0.03905641311376461
891.259306953062,0.022793006436113022,0.07131130889221984,0.03904160365419514
891.4427691405782,0.02278118591153915,0.07129058870329584,0.039026802665464835
891.6262313280943,0.02276937623289904,0.07126987223771558,0.039012010137339646
891.8096935156103,0.022757577383328717,0.07124915949846371,0.03899722605960284
891.9931557031264,0.02274578934599438,0.07122845048851649,0.038982450422054934
892.1766178906424,0.02273401210409238,0.07120774521084186,0.03896768321451369
892.3600800781585,0.022722245640849157,0.07118704366839926,0.03895292442681407
892.5435422656745,0.02271048993952121,0.07116634586413997,0.038938174048808276
892.7270044531907,0.022698744983395025,0.07114565180100688,0.03892343207036565
892.9104666407068,0.022687010755787024,0.07112496148193449,0.03890869848137264
893.0939288282227,0.022675287240043522,0.0711042749098491,0.038893973271732815
893.2773910157388,0.02266357441954068,0.0710835920876687,0.03887925643136683
893.4608532032549,0.022651872277684455,0.07106291301830303,0.03886454795021238
893.644315390771,0.022640180797910536,0.07104223770465355,0.038849847818224176
893.827777578287,0.022628499963684323,0.07102156614961354,0.03883515602537392
894.0112397658032,0.02261682975850083,0.07100089835606804,0.038820472561650304
894.1947019533192,0.02260517016588467,0.07098023432689392,0.03880579741705892
894.3781641408352,0.022593521169390007,0.07095957406495983,0.038791130581622285
894.5616263283513,0.022581882752600486,0.0709389175731263,0.038776472045379796
894.7450885158675,0.022570254899129207,0.07091826485424567,0.038761821798387705
894.9285507033835,0.022558637592618634,0.0708976159111622,0.03874717983071909
895.1120128908995,0.022547030816740605,0.07087697074671198,0.038732546132463824
895.2954750784156,0.022535434555196236,0.07085632936372296,0.038717920693728536
895.4789372659317,0.022523848791715873,0.07083569176501521,0.03870330350463662
895.6623994534477,0.022512273510059067,0.07081505795340048,0.03868869455532816
895.8458616409638,0.022500708694014517,0.07079442793168264,0.038674093835959954
896.02932382848,0.022489154327400007,0.07077380170265742,0.03865950133670544
896.2127860159959,0.022477610394062368,0.07075317926911259,0.038644917047754704
896.396248203512,0.02246607687787744,0.0707325606338279,0.038630340959314405
896.5797103910281,0.02245455376274999,0.0707119457995751,0.03861577306160782
896.7631725785442,0.022443041032613683,0.07069133476911797,0.03860121334487473
896.9466347660602,0.02243153867143105,0.07067072754521235,0.03858666179937149
897.1300969535763,0.022420046663193395,0.07065012413060612,0.03857211841537089
897.3135591410924,0.022408564991920794,0.07062952452803922,0.038557583183162256
897.4970213286084,0.02239709364166201,0.0706089287402437,0.038543056093051274
897.6804835161245,0.022385632596494464,0.07058833676994375,0.03852853713536012
897.8639457036405,0.0223741818405242,0.07056774861985558,0.038514026300427294
898.0474078911567,0.022362741357885775,0.07054716429268766,0.03849952357860771
898.2308700786728,0.02235131113274229,0.07052658379114049,0.03848502896027257
898.4143322661887,0.0223398911492853,0.07050600711790685,0.03847054243580939
898.5977944537049,0.022328481391734746,0.07048543427567158,0.03845606399562198
898.7812566412209,0.02231708184433895,0.07046486526711183,0.038441593630130375
898.964718828737,0.02230569249137454,0.07044430009489691,0.03842713132977086
899.148181016253,0.022294313317146406,0.07042373876168838,0.0384126770849959
899.3316432037692,0.02228294430598767,0.07040318127014,0.03839823088627413
899.5151053912851,0.022271585442259594,0.07038262762289783,0.03838379272409031
899.6985675788012,0.022260236710351582,0.07036207782260019,0.03836936258894536
899.8820297663174,0.02224889809468113,0.07034153187187768,0.038354940471356264
900.0654919538334,0.02223756957969371,0.07032098977335324,0.038340526361856066
900.2489541413495,0.02222625114986281,0.07030045152964208,0.03832612025099383
900.4324163288654,0.022214942789689822,0.07027991714335177,0.03831172212933466
900.6158785163816,0.02220364448370403,0.07025938661708224,0.038297331987459625
900.7993407038977,0.02219235621646256,0.07023885995342578,0.03828294981596576
900.9828028914137,0.02218107797255031,0.07021833715496706,0.03826857560546602
901.1662650789299,0.022169809736579928,0.07019781822428309,0.03825420934658923
901.3497272664459,0.022158551493191733,0.07017730316394338,0.038239851029980156
901.5331894539619,0.022147303227053716,0.07015679197650981,0.03822550064629937
901.7166516414779,0.022136064922861437,0.07013628466453672,0.03821115818622328
901.9001138289941,0.02212483656533803,0.0701157812305709,0.03819682364044409
902.0835760165102,0.022113618139234115,0.0700952816771516,0.03818249699966977
902.2670382040262,0.022102409629327767,0.07007478600681058,0.03816817825462403
902.4505003915422,0.022091211020424474,0.07005429422207207,0.0381538673960463
902.6339625790583,0.022080022297357078,0.07003380632545289,0.03813956441469172
902.8174247665744,0.022068843444985747,0.0700133223194622,0.03812526930133104
903.0008869540904,0.02205767444819792,0.06999284220660193,0.03811098204675072
903.1843491416066,0.02204651529190823,0.06997236598936644,0.0380967026417528
903.3678113291227,0.022035365961058512,0.06995189367024272,0.038082431077154894
903.5512735166387,0.02202422644061771,0.06993142525171028,0.03806816734379018
903.7347357041547,0.022013096715581847,0.06991096073624133,0.038053911432507394
903.9181978916708,0.022001976770974006,0.06989050012630058,0.03803966333417075
904.1016600791869,0.021990866591844217,0.06987004342434548,0.03802542303965995
904.285122266703,0.02197976616326948,0.06984959063282606,0.03801119053987017
904.4685844542191,0.02196867547035369,0.06982914175418506,0.03799696582571202
904.6520466417352,0.021957594498227585,0.06980869679085783,0.03798274888811148
904.8355088292511,0.02194652323204869,0.0697882557452725,0.037968539718009925
905.0189710167672,0.02193546165700131,0.06976781861984979,0.0379543383063641
905.2024332042834,0.021924409758296442,0.06974738541700327,0.03794014464414604
905.3858953917994,0.021913367521171772,0.06972695613913915,0.037925958722343146
905.5693575793155,0.021902334930891564,0.06970653078865642,0.03791178053195801
905.7528197668316,0.021891311972746692,0.06968610936794682,0.03789761006400853
905.9362819543476,0.021880298632054547,0.06966569187939488,0.03788344730952782
906.1197441418636,0.021869294894158984,0.06964527832537794,0.037869292259564175
906.3032063293797,0.021858300744430317,0.06962486870826609,0.03785514490518109
906.4866685168959,0.021847316168265234,0.06960446303042228,0.03784100523745717
906.6701307044119,0.021836341151086756,0.06958406129420232,0.037826873247486174
906.8535928919279,0.02182537567834425,0.06956366350195481,0.03781274892637696
907.0370550794439,0.021814419735513294,0.06954326965602123,0.03779863226525342
907.2205172669601,0.021803473308095667,0.06952287975873596,0.03778452325525453
907.4039794544761,0.021792536381619355,0.06950249381242626,0.03777042188753427
907.5874416419922,0.021781608941638407,0.06948211181941229,0.03775632815326161
907.7709038295084,0.021770690973733,0.06946173378200712,0.0377422420436205
907.9543660170243,0.0217597824635093,0.06944135970251678,0.037728163549809825
908.1378282045404,0.02174888339659946,0.06942098958324022,0.037714092663043396
908.3212903920564,0.021737993758661592,0.06940062342646937,0.03770002937454993
908.5047525795726,0.02172711353537967,0.06938026123448912,0.03768597367557297
908.6882147670887,0.02171624271246355,0.06935990300957734,0.03767192555737096
908.8716769546047,0.021705381275648854,0.06933954875400497,0.03765788501121712
909.0551391421208,0.02169452921069699,0.06931919847003591,0.03764385202839948
909.2386013296368,0.021683686503395083,0.06929885215992708,0.03762982660022085
909.4220635171529,0.021672853139555897,0.06927850982592847,0.037615808717998744
909.6055257046689,0.021662029105017837,0.0692581714702831,0.03760179837306543
909.7889878921851,0.021651214385644896,0.06923783709522714,0.03758779555676787
909.9724500797012,0.0216404089673266,0.06921750670298976,0.03757380026046767
910.1559122672171,0.021629612835977963,0.06919718029579325,0.03755981247554109
910.3393744547333,0.021618825977539453,0.06917685787585307,0.03754583219337905
910.5228366422493,0.02160804837797692,0.06915653944537772,0.03753185940538699
910.7062988297654,0.02159728002328159,0.06913622500656892,0.037517894102984964
910.8897610172814,0.021586520899470014,0.0691159145616215,0.03750393627760758
911.0732232047976,0.021575770992583995,0.0690956081127235,0.03748998592070395
911.2566853923136,0.021565030288690567,0.06907530566205604,0.037476043023737644
911.4401475798296,0.021554298773881965,0.06905500721179357,0.037462107578186785
911.6236097673457,0.021543576434275548,0.06903471276410368,0.03744817957554388
911.8070719548618,0.021532863256013765,0.06901442232114717,0.03743425900731589
911.9905341423779,0.021522159225264136,0.06899413588507812,0.03742034586502414
912.1739963298938,0.02151146432821917,0.06897385345804385,0.037406440140204375
912.35745851741,0.021500778551096354,0.06895357504218497,0.037392541824406655
912.5409207049261,0.021490101880138095,0.06893330063963524,0.03737865090919535
912.7243828924421,0.02147943430161168,0.06891303025252185,0.037364767386149175
912.9078450799582,0.021468775801809212,0.06889276388296524,0.037350891246861063
913.0913072674743,0.02145812636704762,0.0688725015330792,0.03733702248293826
913.2747694549903,0.021447485983668562,0.06885224320497077,0.03732316108600223
913.4582316425063,0.021436854638038388,0.06883198890074041,0.037309307047688554
913.6416938300225,0.02142623231654814,0.06881173862248194,0.03729546035964711
913.8251560175386,0.021415619005613454,0.06879149237228248,0.03728162101354186
914.0086182050546,0.021405014691674565,0.06877125015222264,0.03726778900105094
914.1920803925707,0.021394419361196234,0.06875101196437633,0.03725396431386654
914.3755425800867,0.02138383300066768,0.06873077781081091,0.03724014694369494
914.5590047676028,0.021373255596602615,0.06871054769358717,0.03722633688225653
914.7424669551189,0.02136268713553915,0.06869032161475933,0.037212534121285695
914.925929142635,0.02135212760403974,0.06867009957637506,0.03719873865253083
915.1093913301511,0.021341576988691165,0.06864988158047548,0.03718495046775433
915.2928535176671,0.021331035276104478,0.06862966762909521,0.03717116955873252
915.4763157051831,0.02132050245291499,0.06860945772426233,0.0371573959172557
915.6597778926993,0.021309978505782187,0.06858925186799845,0.03714362953512808
915.8432400802153,0.02129946342138972,0.0685690500623187,0.03712987040416775
916.0267022677314,0.02128895718644532,0.06854885230923173,0.037116118516206685
916.2101644552474,0.0212784597876808,0.06852865861073973,0.03710237386309067
916.3936266427636,0.021267971211852008,0.06850846896883839,0.03708863643667933
916.5770888302795,0.021257491445738755,0.06848828338551705,0.037074906228846086
916.7605510177956,0.021247020476144813,0.06846810186275858,0.03706118323147813
916.9440132053118,0.021236558289897824,0.06844792440253947,0.037047467436476404
917.1274753928278,0.0212261048738493,0.06842775100682984,0.03703375883575558
917.3109375803439,0.02121566021487458,0.06840758167759334,0.037020057421244014
917.4943997678598,0.02120522429987276,0.06838741641678733,0.03700636318488376
917.677861955376,0.02119479711576668,0.0683672552263628,0.036992676118630524
917.861324142892,0.02118437864950284,0.06834709810826438,0.03697899621445363
918.0447863304081,0.02117396888805144,0.06832694506443035,0.036965323464336036
918.2282485179243,0.02116356781840622,0.06830679609679274,0.036951657860274253
918.4117107054403,0.02115317542758454,0.06828665120727724,0.03693799939427838
918.5951728929563,0.021142791702627256,0.0682665103978032,0.03692434805837204
918.7786350804723,0.0211324166305987,0.06824637367028376,0.03691070384459235
918.9620972679885,0.02112205019858667,0.06822624102662578,0.03689706674498998
919.1455594555046,0.02111169239370235,0.06820611246872983,0.03688343675162901
919.3290216430206,0.02110134320308028,0.06818598799849027,0.036869813856587
919.5124838305368,0.02109100261387832,0.06816586761779522,0.03685619805195491
919.6959460180527,0.02108067061327761,0.06814575132852663,0.03684258932983712
919.8794082055688,0.02107034718848251,0.06812563913256013,0.03682898768235136
920.0628703930848,0.021060032326720594,0.06810553103176528,0.03681539310162874
920.246332580601,0.021049726015242586,0.06808542702800538,0.036801805579813676
920.4297947681171,0.021039428241322312,0.0680653271231376,0.03678822510906392
920.6132569556331,0.02102913899225668,0.06804523131901298,0.036774651681550474
920.7967191431491,0.021018858255365626,0.06802513961747637,0.03676108528945764
920.9801813306652,0.02100858601799208,0.06800505202036652,0.036747525924982934
921.1636435181813,0.02099832226750191,0.06798496852951605,0.03673397358033708
921.3471057056973,0.020988066991283923,0.06796488914675147,0.03672042824774403
921.5305678932135,0.020977820176749765,0.06794481387389323,0.03670688991944087
921.7140300807296,0.020967581811333926,0.06792474271275564,0.03669335858767785
921.8974922682455,0.02095735188249369,0.06790467566514699,0.03667983424471835
922.0809544557616,0.020947130377709063,0.06788461273286953,0.03666631688283883
922.2644166432777,0.020936917284482805,0.06786455391771942,0.03665280649432887
922.4478788307938,0.020926712590340298,0.0678444992214868,0.03663930307149105
922.6313410183099,0.02091651628282959,0.06782444864595581,0.036625806606641054
922.814803205826,0.020906328349521282,0.0678044021929046,0.036612317092107514
922.998265393342,0.02089614877800855,0.06778435986410523,0.03659883452023208
923.181727580858,0.02088597755590707,0.06776432166132393,0.03658535888336938
923.3651897683741,0.020875814670855003,0.06774428758632081,0.03657189017388698
923.5486519558903,0.020865660110512916,0.0677242576408501,0.036558428384165356
923.7321141434063,0.02085551386256377,0.0677042318266601,0.03654497350659789
923.9155763309222,0.020845375914712888,0.06768421014549313,0.03653152553359084
924.0990385184384,0.020835246254687904,0.0676641925990856,0.03651808445756334
924.2825007059545,0.020825124870238697,0.06764417918916801,0.03650465027094732
924.4659628934705,0.02081501174913741,0.06762416991746498,0.03649122296618755
924.6494250809866,0.020804906879178364,0.06760416478569521,0.03647780253574158
924.8328872685028,0.02079481024817803,0.06758416379557156,0.03646438897207973
925.0163494560187,0.020784721843975,0.06756416694880102,0.03645098226768506
925.1998116435348,0.02077464165442994,0.06754417424708471,0.03643758241505336
925.3832738310508,0.020764569667425556,0.0675241856921179,0.03642418940669311
925.566736018567,0.02075450587086652,0.06750420128559012,0.03641080323512548
925.750198206083,0.020744450252679507,0.06748422102918493,0.036397423892884265
925.9336603935991,0.020734402800813092,0.06746424492458022,0.03638405137251594
926.1171225811152,0.020724363503237704,0.06744427297344807,0.03637068566657957
926.3005847686312,0.02071433234794565,0.06742430517745472,0.036357326767646816
926.4840469561473,0.020704309322951028,0.06740434153826069,0.036343974668301894
926.6675091436633,0.020694294416289696,0.06738438205752072,0.03633062936114159
926.8509713311795,0.02068428761601922,0.06736442673688384,0.0363172908387752
927.0344335186956,0.02067428891021889,0.06734447557799329,0.036303959093824514
927.2178957062115,0.02066429828698961,0.06732452858248666,0.03629063411892384
927.4013578937277,0.0206543157344539,0.06730458575199573,0.03627731590671988
927.5848200812437,0.020644341240755863,0.06728464708814669,0.03626400444987185
927.7682822687598,0.02063437479406114,0.06726471259255998,0.036250699741051357
927.9517444562758,0.020624416382556843,0.06724478226685038,0.03623740177294237
928.135206643792,0.020614465994451547,0.06722485611262699,0.036224110538241275
928.318668831308,0.020604523617975257,0.06720493413149328,0.03621082602965678
928.502131018824,0.02059458924137934,0.06718501632504709,0.03619754823990995
928.6855932063402,0.020584662852936524,0.06716510269488057,0.03618427716173411
928.8690553938562,0.020574744440940828,0.06714519324258036,0.03617101278787496
929.0525175813723,0.02056483399370754,0.06712528796972739,0.03615775511109039
929.2359797688882,0.02055493149957317,0.06710538687789701,0.03614450412415055
929.4194419564044,0.02054503694689542,0.06708548996865904,0.03613125981983782
929.6029041439205,0.02053515032405315,0.06706559724357766,0.03611802219094679
929.7863663314365,0.02052527161944634,0.06704570870421162,0.03610479123028425
929.9698285189526,0.020515400821496034,0.06702582435211393,0.036091566930669096
930.1532907064687,0.020505537918644325,0.06700594418883221,0.03607834928493241
930.3367528939847,0.02049568289935429,0.06698606821590845,0.03606513828591734
930.5202150815007,0.02048583575211,0.06696619643487921,0.03605193392647919
930.7036772690169,0.020475996465416427,0.06694632884727551,0.03603873619948534
930.887139456533,0.020466165027799434,0.06692646545462287,0.03602554509781515
931.070601644049,0.020456341427805766,0.06690660625844133,0.03601236061436008
931.2540638315651,0.020446525654002946,0.06688675126024547,0.035999182742023565
931.4375260190811,0.020436717694979283,0.06686690046154438,0.03598601147372106
931.6209882065972,0.020426917539343847,0.06684705386384177,0.03597284680237999
931.8044503941132,0.020417125175726396,0.06682721146863581,0.0359596887209397
931.9879125816294,0.020407340592777365,0.06680737327741931,0.03594653722235148
932.1713747691455,0.0203975637791678,0.06678753929167972,0.03593339229957853
932.3548369566615,0.020387794723589356,0.06676770951289893,0.035920253945595934
932.5382991441775,0.02037803341475423,0.06674788394255358,0.035907122153390654
932.7217613316936,0.02036827984139516,0.06672806258211483,0.03589399691596144
932.9052235192097,0.020358533992265348,0.06670824543304857,0.03588087822631896
933.0886857067258,0.02034879585613845,0.0666884324968152,0.03586776607748561
933.2721478942419,0.020339065421808543,0.0666686237748699,0.03585466046249561
933.455610081758,0.02032934267809005,0.06664881926866242,0.03584156137439491
933.6390722692739,0.020319627613817736,0.06662901897963723,0.03582846880624121
933.82253445679,0.020309920217846684,0.06660922290923348,0.03581538275110397
934.0059966443062,0.02030022047905224,0.06658943105888497,0.0358023032020643
934.1894588318222,0.020290528386329942,0.06656964343002023,0.03578923015221501
934.3729210193383,0.020280843928595572,0.06654986002406252,0.03577616359466056
934.5563832068542,0.020271167094785027,0.06653008084242985,0.03576310352251706
934.7398453943704,0.020261497873854332,0.06651030588653492,0.035750049928912266
934.9233075818864,0.020251836254779613,0.06649053515778516,0.03573700280698547
935.1067697694025,0.020242182226557014,0.06647076865758283,0.035723962149887586
935.2902319569187,0.02023253577820271,0.06645100638732492,0.03571092795078107
935.4736941444347,0.020222896898752833,0.06643124834840317,0.0356979002028399
935.6571563319507,0.020213265577263485,0.06641149454220416,0.035684878899249636
935.8406185194667,0.02020364180281063,0.06639174497010925,0.03567186403320724
936.0240807069829,0.02019402556449013,0.0663719996334946,0.035658855597921216
936.2075428944989,0.020184416851417666,0.06635225853373122,0.03564585358661151
936.391005082015,0.02017481565272872,0.06633252167218498,0.035632857992509495
936.5744672695312,0.020165221957578534,0.0663127890502165,0.03561986880885798
936.7579294570471,0.020155635755142065,0.06629306066918128,0.035606886028911114
936.9413916445632,0.02014605703461398,0.06627333653042979,0.03559390964593451
937.1248538320792,0.020136485785208574,0.06625361663530725,0.035580939653205065
937.3083160195954,0.02012692199615979,0.06623390098515387,0.035567976044011046
937.4917782071115,0.020117365656721127,0.06621418958130468,0.03555501881165203
937.6752403946275,0.02010781675616565,0.0661944824250896,0.03554206794943888
937.8587025821436,0.02009827528378593,0.06617477951783349,0.03552912345069373
938.0421647696596,0.020088741228894015,0.06615508086085622,0.03551618530874999
938.2256269571757,0.020079214580821396,0.06613538645547253,0.03550325351695231
938.4090891446917,0.020069695328918974,0.06611569630299206,0.03549032806865654
938.5925513322079,0.020060183462557026,0.06609601040471949,0.035477408957229714
938.776013519724,0.02005067897112517,0.06607632876195445,0.03546449617605009
938.9594757072399,0.02004118184403231,0.06605665137599152,0.03545158971850704
939.142937894756,0.02003169207070663,0.0660369782481203,0.035438689578001066
939.3264000822721,0.020022209640595545,0.06601730937962533,0.03542579574794382
939.5098622697882,0.020012734543165683,0.06599764477178627,0.03541290822175806
939.6933244573042,0.020003266767902796,0.0659779844258777,0.03540002699287758
939.8767866448204,0.01999380630431182,0.06595832834316928,0.03538715205474727
940.0602488323364,0.01998435314191676,0.06593867652492573,0.03537428340082304
940.2437110198524,0.019974907270260675,0.06591902897240678,0.03536142102457185
940.4271732073685,0.019965468678905644,0.06589938568686722,0.03534856491947161
940.6106353948846,0.01995603735743277,0.0658797466695569,0.03533571507901124
940.7940975824007,0.019946613295442086,0.06586011192172084,0.035322871496690625
940.9775597699166,0.01993719648255255,0.06584048144459909,0.03531003416602061
941.1610219574328,0.01992778690840203,0.06582085523942673,0.03529720308052291
941.3444841449489,0.01991838456264722,0.06580123330743408,0.03528437823373018
941.5279463324649,0.019908989434963664,0.06578161564984651,0.03527155961918596
941.711408519981,0.019899601515045672,0.06576200226788455,0.03525874723044465
941.8948707074971,0.01989022079260632,0.06574239316276384,0.03524594106107149
942.0783328950131,0.019880847257377397,0.0657227883356952,0.035233141104642554
942.2617950825291,0.019871480899109378,0.06570318778788463,0.03522034735474473
942.4452572700453,0.019862121707571383,0.06568359152053327,0.03520755980497568
942.6287194575614,0.01985276967255117,0.06566399953483743,0.035194778448943836
942.8121816450774,0.019843424783855056,0.06564441183198862,0.03518200328026838
942.9956438325935,0.019834087031307915,0.0656248284131736,0.035169234292579246
943.1791060201095,0.01982475640475315,0.06560524927957427,0.03515647147951703
943.3625682076256,0.019815432894052645,0.06558567443236783,0.03514371483473311
943.5460303951417,0.019806116489086725,0.06556610387272664,0.035130964351889435
943.7294925826577,0.019796807179754138,0.06554653760181836,0.0351182200246587
943.9129547701739,0.019787504955972007,0.06552697562080585,0.03510548184672416
944.0964169576899,0.019778209807675817,0.06550741793084729,0.03509274981177975
944.2798791452059,0.019768921724819356,0.06548786453309602,0.03508002391352995
944.463341332722,0.019759640697374715,0.06546831542870075,0.03506730414568984
944.6468035202381,0.019750366715332212,0.06544877061880552,0.0350545905019851
944.8302657077542,0.0197410997687004,0.06542923010454958,0.0350418829761519
945.0137278952702,0.019731839847505993,0.06540969388706755,0.03502918156193695
945.1971900827864,0.01972258694179388,0.06539016196748931,0.035016486253097466
945.3806522703023,0.019713341041627065,0.06537063434694013,0.035003797043401154
945.5641144578184,0.019704102137086617,0.06535111102654056,0.034991113926626176
945.7475766453346,0.019694870218271703,0.06533159200740657,0.034978436896561174
945.9310388328506,0.019685645275299438,0.06531207729064942,0.034965765947005165
946.1145010203667,0.01967642729830498,0.06529256687737581,0.034953101071767634
946.2979632078826,0.01966721627744144,0.0652730607686877,0.03494044226466843
946.4814253953988,0.019658012202879823,0.0652535589656826,0.03492778951953778
946.6648875829148,0.01964881506480904,0.06523406146945328,0.03491514283021628
946.8483497704309,0.01963962485343585,0.06521456828108797,0.03490250219055485
947.0318119579471,0.01963044155898484,0.0651950794016703,0.034889867594414724
947.2152741454631,0.019621265171698394,0.06517559483227933,0.034877239035667446
947.3987363329791,0.019612095681836646,0.06515611457398958,0.03486461650819485
947.5821985204951,0.01960293307967747,0.065136638627871,0.034852000005889026
947.7656607080113,0.01959377735551641,0.06511716699498894,0.03483938952265231
947.9491228955274,0.019584628499666704,0.0650976996764043,0.03482678505239726
948.1325850830434,0.019575486502459195,0.0650782366731734,0.03481418658904667
948.3160472705595,0.01956635135424233,0.06505877798634806,0.03480159412653348
948.4995094580755,0.01955722304538214,0.06503932361697556,0.034789007658800865
948.6829716455916,0.019548101566262164,0.06501987356609874,0.034776427179802095
948.8664338331076,0.019538986907283458,0.06500042783475588,0.034763852683500594
949.0498960206238,0.019529879058864552,0.06498098642398081,0.03475128416386994
949.2333582081399,0.019520778011441402,0.06496154933480293,0.03473872161489376
949.4168203956559,0.019511683755467375,0.0649421165682471,0.0347261650305658
949.6002825831719,0.01950259628141322,0.06492268812533378,0.034713614404889855
949.783744770688,0.019493515579767022,0.06490326400707894,0.03470106973187976
949.9672069582041,0.019484441641034186,0.06488384421449417,0.03468853100555941
950.1506691457201,0.019475374455737375,0.06486442874858661,0.03467599821996268
950.3341313332363,0.01946631401441653,0.064845017610359,0.03466347136913345
950.5175935207524,0.019457260307628784,0.06482561080080965,0.03465095044712557
950.7010557082683,0.019448213325948486,0.06480620832093247,0.034638435448002866
950.8845178957844,0.01943917305996711,0.06478681017171697,0.034625926365839076
951.0679800833005,0.019430139500293264,0.06476741635414836,0.03461342319471787
951.2514422708166,0.01942111263755264,0.06474802686920736,0.034600925928732845
951.4349044583327,0.019412092462388012,0.0647286417178704,0.034588434561987444
951.6183666458488,0.019403078965459158,0.06470926090110957,0.034575949088595
951.8018288333648,0.01939407213744287,0.06468988441989255,0.0345634695026787
951.9852910208808,0.0193850719690329,0.06467051227518276,0.03455099579837155
952.1687532083969,0.01937607845093995,0.06465114446793926,0.03453852796981641
952.352215395913,0.01936709157389161,0.0646317809991168,0.03452606601116589
952.5356775834291,0.019358111328632348,0.06461242186966581,0.0345136099165824
952.719139770945,0.019349137705923475,0.06459306708053242,0.03450115968023812
952.9026019584611,0.019340170696543132,0.06457371663265851,0.03448871529631497
953.0860641459773,0.01933121029128621,0.0645543705269816,0.03447627675900459
953.2695263334933,0.019322256480964375,0.06453502876443504,0.034463844062508346
953.4529885210094,0.019313309256406015,0.06451569134594784,0.034451417201037296
953.6364507085256,0.01930436860845619,0.06449635827244475,0.034438996168812144
953.8199128960415,0.019295434527976635,0.06447702954484638,0.034426580960063305
954.0033750835576,0.019286507005845707,0.06445770516406901,0.0344141715690308
954.1868372710736,0.019277586032958354,0.06443838513102466,0.03440176798996424
954.3702994585898,0.019268671600226113,0.06441906944662126,0.034389370217122954
954.5537616461058,0.019259763698577043,0.0643997581117624,0.034376978244775744
954.7372238336219,0.01925086231895572,0.06438045112734755,0.034364592067201036
954.920686021138,0.019241967452323185,0.06436114849427196,0.03435221167868681
955.104148208654,0.019233079089656928,0.06434185021342671,0.03433983707353058
955.2876103961701,0.01922419722195086,0.06432255628569868,0.03432746824603938
955.4710725836861,0.019215321840215276,0.06430326671197058,0.03431510519052973
955.6545347712023,0.01920645293547684,0.064283981493121,0.03430274790132769
955.8379969587183,0.019197590498778526,0.06426470063002442,0.034290396372768726
956.0214591462343,0.01918873452117961,0.06424542412355104,0.03427805059919779
956.2049213337505,0.019179884993755635,0.06422615197456705,0.03426571057496927
956.3883835212665,0.01917104190759839,0.06420688418393447,0.03425337629444696
956.5718457087826,0.019162205253815852,0.06418762075251123,0.03424104775200407
956.7553078962986,0.019153375023532183,0.06416836168115114,0.03422872494202316
956.9387700838148,0.019144551207887713,0.0641491069707039,0.034216407858896236
957.1222322713307,0.019135733798038856,0.06412985662201515,0.03420409649702455
957.3056944588468,0.01912692278515813,0.06411061063592642,0.034191790850818776
957.4891566463629,0.019118118160434124,0.06409136901327524,0.034179490914698865
957.672618833879,0.01910931991507145,0.06407213175489494,0.03416719668309407
957.8560810213951,0.019100528040290686,0.06405289886161496,0.034154908150442934
958.039543208911,0.019091742527328436,0.06403367033426055,0.03414262531119326
958.2230053964272,0.019082963367437207,0.06401444617365304,0.03413034815980212
958.4064675839433,0.01907419055188543,0.06399522638060963,0.03411807669073579
958.5899297714593,0.019065424071957417,0.06397601095594357,0.0341058108984698
958.7733919589754,0.01905666391895333,0.06395679990046411,0.034093550777488865
958.9568541464915,0.019047910084189167,0.06393759321497641,0.03408129632228685
959.1403163340075,0.01903916255899671,0.0639183909002817,0.034069047527366836
959.3237785215235,0.019030421334723498,0.06389919295717723,0.034056804387241034
959.5072407090397,0.019021686402732822,0.06387999938645626,0.03404456689643079
959.6907028965558,0.019012957754403686,0.06386081018890807,0.03403233504946658
959.8741650840718,0.019004235381130757,0.06384162536531797,0.03402010884088796
960.0576272715879,0.018995519274324357,0.06382244491646735,0.03400788826524359
960.2410894591039,0.018986809425410436,0.06380326884313361,0.03399567331709118
960.42455164662,0.01897810582583053,0.06378409714609025,0.03398346399099751
960.608013834136,0.018969408467041732,0.06376492982610682,0.03397126028153837
960.7914760216522,0.01896071734051668,0.06374576688394898,0.033959062183298624
960.9749382091683,0.018952032437743533,0.06372660832037848,0.03394686969087207
961.1584003966843,0.0189433537502259,0.06370745413615309,0.033934682798861554
961.3418625842003,0.018934681269482848,0.06368830433202677,0.03392250150187885
961.5253247717164,0.018926014987048875,0.06366915890874955,0.03391032579454472
961.7087869592325,0.018917354894473853,0.06365001786706762,0.033898155671488815
961.8922491467486,0.01890870098332304,0.06363088120772326,0.03388599112734976
962.0757113342646,0.01890005324517701,0.0636117489314549,0.03387383215677507
962.2591735217808,0.018891411671631653,0.06359262103899709,0.033861678754421136
962.4426357092967,0.01888277625429814,0.0635734975310806,0.03384953091495324
962.6260978968128,0.018874146984802893,0.0635543784084323,0.033837388633045515
962.809560084329,0.018865523854787555,0.06353526367177526,0.03382525190338094
962.993022271845,0.018856906855908944,0.06351615332182871,0.033813120720651284
963.1764844593611,0.018848295979839103,0.06349704735930808,0.033800995079557215
963.359946646877,0.01883969121826513,0.063477945784925,0.03378887497480809
963.5434088343932,0.018831092562889295,0.06345884859938726,0.03377676040112211
963.7268710219092,0.018822500005428948,0.06343975580339892,0.03376465135322623
963.9103332094253,0.018813913537616453,0.0634206673976602,0.03375254782585613
964.0937953969415,0.018805333151199248,0.0634015833828676,0.03374044981375623
964.2772575844575,0.018796758837939728,0.06338250375971381,0.03372835731167967
964.4607197719735,0.01878819058961529,0.0633634285288878,0.03371627031438827
964.6441819594895,0.018779628398018264,0.06334435769107476,0.03370418881665259
964.8276441470057,0.018771072254955893,0.06332529124695616,0.03369211281325178
965.0111063345217,0.01876252215225032,0.06330622919720971,0.0336800422989737
965.1945685220378,0.01875397808173853,0.06328717154250937,0.0336679772686148
965.378030709554,0.018745440035272353,0.06326811828352547,0.03365591771698018
965.5614928970699,0.018736908004718424,0.06324906942092456,0.033643863638883546
965.744955084586,0.018728381981958166,0.0632300249553695,0.033631815029147194
965.928417272102,0.018719861958887737,0.06321098488751949,0.03361977188260198
966.1118794596182,0.018711347927418027,0.06319194921802997,0.033607734194087316
966.2953416471343,0.018702839879474617,0.06317291794755275,0.033595701958451185
966.4788038346503,0.01869433780699776,0.063153891076736,0.03358367517055005
966.6622660221662,0.01868584170194236,0.0631348686062241,0.03357165382524892
966.8457282096824,0.01867735155627792,0.06311585053665794,0.033559637917421295
967.0291903971985,0.018668867361988545,0.06309683686867469,0.03354762744194916
967.2126525847145,0.018660389111072893,0.06307782760290782,0.03353562239372296
967.3961147722307,0.018651916795544156,0.06305882273998722,0.03352362276764156
967.5795769597468,0.018643450407430033,0.06303982228053918,0.0335116285586123
967.7630391472627,0.018634989938772707,0.06302082622518632,0.033499639761550924
967.9465013347788,0.01862653538162882,0.06300183457454768,0.0334876563713816
968.1299635222949,0.018618086728069423,0.06298284732923869,0.03347567838303685
968.313425709811,0.018609643970179973,0.06296386448987121,0.033463705791457576
968.496887897327,0.018601207100060312,0.06294488605705346,0.03345173859159307
968.6803500848432,0.018592776109824603,0.06292591203139013,0.03343977677840092
968.8638122723592,0.018584350991601366,0.06290694241348231,0.03342782034684709
969.0472744598752,0.018575931737533385,0.06288797720392755,0.033415869291905834
969.2307366473913,0.018567518339777708,0.06286901640331981,0.03340392360855968
969.4141988349074,0.018559110790505633,0.06285006001224953,0.033391983291799474
969.5976610224235,0.018550709081902685,0.06283110803130357,0.03338004833662431
969.7811232099394,0.018542313206168556,0.0628121604610653,0.03336811873804154
969.9645853974556,0.018533923155517114,0.06279321730211454,0.03335619449106677
970.1480475849717,0.018525538922176326,0.06277427855502758,0.03334427559072379
970.3315097724877,0.018517160498388325,0.06275534422037726,0.03333236203204465
970.5149719600038,0.018508787876409274,0.06273641429873286,0.03332045381006953
970.69843414752,0.018500421048509415,0.06271748879066012,0.033308550919846816
970.8818963350359,0.01849206000697303,0.06269856769672141,0.0332966533564331
971.065358522552,0.018483704744098377,0.06267965101747548,0.03328476111489303
971.248820710068,0.0184753552521977,0.06266073875347772,0.033272874190299465
971.4322828975842,0.01846701152359722,0.06264183090528003,0.033260992577733364
971.6157450851002,0.01845867355063705,0.06262292747343079,0.03324911627228376
971.7992072726163,0.018450341325671214,0.06260402845847499,0.033237245269047797
971.9826694601323,0.018442014841067625,0.06258513386095413,0.033225379563130694
972.1661316476484,0.01843369408920802,0.0625662436814063,0.03321351914964572
972.3495938351645,0.01842537906248797,0.06254735792036618,0.03320166402371422
972.5330560226805,0.01841706975331684,0.06252847657836495,0.0331898141804655
972.7165182101967,0.018408766154117764,0.06250959965593049,0.033177969615036954
972.8999803977127,0.018400468257327635,0.06249072715358715,0.03316613032257393
973.0834425852287,0.01839217605539705,0.06247185907185597,0.03315429629822979
973.2669047727449,0.018383889540790295,0.06245299541125452,0.033142467537165834
973.4503669602609,0.018375608705985348,0.06243413617229706,0.03313064403455136
973.633829147777,0.018367333543473804,0.06241528135549442,0.03311882578556356
973.817291335293,0.018359064045760896,0.062396430961354075,0.03310701278538762
974.0007535228092,0.018350800205365426,0.06237758499038013,0.03309520502921656
974.1842157103251,0.018342542014819784,0.062358743443073295,0.03308340251225135
974.3676778978412,0.01833428946666989,0.06233990631993104,0.033071605229700846
974.5511400853574,0.018326042553475197,0.06232107362144736,0.03305981317678175
974.7346022728734,0.01831780126780862,0.06230224534811298,0.03304802634871862
974.9180644603895,0.018309565602256557,0.06228342150041531,0.03303624474074387
975.1015266479054,0.018301335549418856,0.0622646020788384,0.03302446834809775
975.2849888354216,0.01829311110190876,0.06224578708386298,0.03301269716602828
975.4684510229376,0.018284892252352913,0.062226976515966516,0.033000931189791326
975.6519132104537,0.018276678993391325,0.06220817037562314,0.032989170414650514
975.8353753979698,0.018268471317677344,0.06218936866330367,0.032977414835877225
976.0188375854859,0.018260269217877653,0.062170571379475716,0.03296566444875066
976.2022997730019,0.018252072686672168,0.062151778524603504,0.03295391924855766
976.3857619605179,0.01824388171675414,0.06213299009914809,0.03294217923059288
976.5692241480341,0.018235696300830023,0.062114206103567174,0.032930444390158645
976.7526863355502,0.018227516431619496,0.062095426538315235,0.03291871472256498
976.9361485230662,0.01821934210185543,0.06207665140384352,0.03290699022312963
977.1196107105823,0.018211173304283873,0.06205788070060001,0.032895270887177974
977.3030728980983,0.018203010031663986,0.06203911442902944,0.032883556710043046
977.4865350856144,0.01819485227676807,0.062020352589573335,0.032871847687065546
977.6699972731304,0.018186700032381535,0.062001595182669955,0.03286014381359379
977.8534594606466,0.018178553291302822,0.061982842208754385,0.032848445084983705
978.0369216481627,0.01817041204634344,0.0619640936682585,0.032836751496598836
978.2203838356787,0.018162276290327916,0.06194534956161094,0.0328250630438103
978.4038460231947,0.01815414601609378,0.061926609889237184,0.032813379721996785
978.5873082107108,0.018146021216491507,0.06190787465155948,0.03280170152654454
978.7707703982269,0.01813790188438454,0.06188914384899693,0.03279002845284737
978.954232585743,0.018129788012649247,0.06187041748196544,0.032778360496306606
979.1376947732591,0.01812167959417489,0.06185169555087773,0.03276669765233108
979.3211569607752,0.018113576621863595,0.061832978056143406,0.03275503991633715
979.5046191482911,0.018105479088630343,0.06181426499816889,0.032743387283748655
979.6880813358072,0.01809738698740296,0.06179555637735745,0.03273173974999691
979.8715435233233,0.018089300311122058,0.06177685219410922,0.032720097310520696
980.0550057108394,0.018081219052741012,0.06175815244882119,0.03270845996076623
980.2384678983555,0.018073143205225982,0.061739457141887236,0.03269682769618719
980.4219300858714,0.018065072761555844,0.06172076627369807,0.03268520051224463
980.6053922733876,0.018057007714722188,0.06170207984464136,0.032673578404407086
980.7888544609036,0.018048948057729264,0.06168339785510163,0.032661961368150416
980.9723166484197,0.018040893783594015,0.061664720305460254,0.03265034939895788
981.1557788359358,0.01803284488534599,0.06164604719609559,0.032638742492320134
981.3392410234519,0.01802480135602736,0.06162737852738287,0.03262714064373515
981.5227032109678,0.01801676318869289,0.06160871429969422,0.032615543848708246
981.7061653984839,0.01800873037640991,0.06159005451339875,0.0326039521027521
981.8896275860001,0.01800070291225828,0.06157139916886245,0.032592365401386665
982.0730897735161,0.017992680789330376,0.06155274826644828,0.03258078374013921
982.2565519610322,0.017984664000731086,0.061534101806516105,0.03256920711454428
982.4400141485484,0.017976652539577757,0.061515459789422786,0.03255763552014372
982.6234763360643,0.017968646399000168,0.06149682221552213,0.03254606895248661
982.8069385235804,0.01796064557214055,0.06147818908516489,0.03253450740712927
982.9904007110964,0.01795265005215352,0.0614595603986988,0.03252295087963529
983.1738628986126,0.01794465983220607,0.06144093615646856,0.032511399365575414
983.3573250861286,0.01793667490547754,0.061422316358815864,0.032499852860527666
983.5407872736447,0.017928695265159625,0.06140370100607938,0.032488311360077224
983.7242494611609,0.017920720904456296,0.061385090098594844,0.03247677485981644
983.9077116486768,0.017912751816583836,0.06136648363669489,0.03246524335534486
984.0911738361929,0.017904787994770778,0.06134788162070922,0.03245371684226916
984.2746360237089,0.01789682943225788,0.061329284050964585,0.032442195316203175
984.4580982112251,0.017888876122298124,0.06131069092778467,0.03243067877276785
984.6415603987411,0.017880928058156706,0.06129210225149023,0.03241916720759123
984.8250225862571,0.017872985233110948,0.06127351802239912,0.03240766061630851
985.0084847737731,0.01786504764045036,0.06125493824082612,0.03239615899456193
985.1919469612893,0.017857115273476547,0.06123636290708312,0.03238466233800081
985.3754091488054,0.017849188125503238,0.0612177920214791,0.03237317064228157
985.5588713363214,0.017841266189856216,0.06119922558432005,0.03236168390306763
985.7423335238376,0.017833349459873332,0.06118066359590901,0.032350202116029465
985.9257957113535,0.017825437928904474,0.061162106056546164,0.03233872527684458
986.1092578988696,0.01781753159031154,0.061143552966528715,0.0323272533811975
986.2927200863857,0.01780963043746839,0.06112500432615094,0.03231578642477968
986.4761822739018,0.017801734463760883,0.061106460135704296,0.032304324403289654
986.6596444614179,0.017793843662586812,0.061087920395477266,0.03229286731243288
986.8431066489338,0.017785958027355872,0.06106938510575542,0.03228141514792176
987.02656883645,0.017778077551489666,0.06105085426682152,0.03226996790547566
987.210031023966,0.01777020222842168,0.061032327878955385,0.032258525580820895
987.3934932114821,0.01776233205159723,0.06101380594243396,0.032247088169690664
987.5769553989982,0.017754467014473495,0.06099528845753134,0.032235655667825096
987.7604175865143,0.017746607110519445,0.06097677542451877,0.03222422807097122
987.9438797740303,0.017738752333215816,0.06095826684366458,0.03221280537488292
988.1273419615463,0.017730902676055135,0.06093976271523434,0.032201387575320976
988.3108041490625,0.017723058132541672,0.06092126303949066,0.03218997466805302
988.4942663365786,0.017715218696191398,0.06090276781669342,0.03217856664885351
988.6777285240946,0.017707384360531986,0.06088427704709959,0.03216716351350375
988.8611907116107,0.017699555119102792,0.060865790730963355,0.03215576525779187
989.0446528991267,0.01769173096545482,0.06084730886853608,0.03214437187751279
989.2281150866428,0.017683911893150703,0.060828831460066304,0.032132983368468225
989.4115772741588,0.017676097895764683,0.06081035850579971,0.03212159972646668
989.5950394616749,0.01766828896688259,0.060791890005979274,0.03211022094732341
989.7785016491911,0.017660485100101833,0.06077342596084512,0.03209884702686046
989.9619638367071,0.017652686289031348,0.06075496637063458,0.03208747796090658
990.1454260242231,0.017644892527291588,0.0607365112355822,0.03207611374529727
990.3288882117392,0.017637103808514517,0.06071806055591981,0.03206475437587476
990.5123503992553,0.017629320126343582,0.06069961433187637,0.032053399848487964
990.6958125867714,0.01762154147443367,0.060681172563678144,0.03204205015899249
990.8792747742874,0.017613767846451127,0.060662735251548604,0.032030705303250646
991.0627369618036,0.01760599923607369,0.06064430239570847,0.03201936527713139
991.2461991493195,0.0175982356369905,0.06062587399637577,0.03200803007651035
991.4296613368356,0.017590477042902057,0.0606074500537657,0.0319966996972698
991.6131235243517,0.017582723447520234,0.060589030568090764,0.03198537413529863
991.7965857118678,0.017574974844568193,0.060570615539560745,0.03197405338649236
991.9800478993839,0.017567231227780436,0.060552204968382706,0.03196273744675311
992.1635100868998,0.01755949259090274,0.06053379885476098,0.03195142631198961
992.346972274416,0.017551758927692142,0.06051539719889716,0.03194011997811717
992.530434461932,0.01754403023191692,0.06049700000099019,0.031928818441057646
992.7138966494481,0.017536306497356567,0.060478607261236286,0.0319175216967395
992.8973588369643,0.017528587717801802,0.060460218979828964,0.03190622974109769
993.0808210244803,0.017520873887054495,0.060441835156959035,0.03189494257007375
993.2642832119963,0.01751316499892768,0.06042345579281466,0.0318836601796157
993.4477453995123,0.017505461047245534,0.0604050808875813,0.03187238256567808
993.6312075870285,0.017497762025843328,0.06038671044144178,0.03186110972422196
993.8146697745445,0.017490067928567457,0.060368344454576214,0.03184984165121486
993.9981319620606,0.017482378749275385,0.060349982927162114,0.0318385783426308
994.1815941495767,0.0174746944818356,0.06033162585937427,0.03182731979445022
994.3650563370927,0.017467015120127667,0.06031327325138489,0.031816066002660084
994.5485185246088,0.017459340658042104,0.0602949251033635,0.03180481696325371
994.7319807121248,0.017451671089480463,0.06027658141547696,0.031793572672230895
994.915442899641,0.017444006408355257,0.060258242187889575,0.03178233312559785
995.098905087157,0.01743634660858993,0.060239907420762975,0.03177109831936715
995.2823672746731,0.017428691684118876,0.06022157711425621,0.0317598682495578
995.465829462189,0.017421041628887378,0.060203251268525645,0.03174864291219518
995.6492916497052,0.0174133964368516,0.06018492988372513,0.031737422303311016
995.8327538372213,0.017405756101978594,0.06016661296000586,0.0317262064189434
996.0162160247373,0.017398120618246245,0.06014830049751644,0.03171499525513678
996.1996782122535,0.017390489979643254,0.06012999249640287,0.03170378880794191
996.3831403997696,0.017382864180169155,0.060111688956808615,0.03169258707341591
996.5666025872855,0.017375243213834213,0.060093389878874505,0.03168139004762214
996.7500647748016,0.017367627074659504,0.06007509526273881,0.0316701977266303
996.9335269623177,0.01736001575667683,0.06005680510853728,0.03165901010651638
997.1169891498338,0.017352409253928704,0.060038519416403036,0.03164782718336262
997.3004513373498,0.01734480756046835,0.0600202381864667,0.031636648953257546
997.483913524866,0.017337210670359687,0.06000196141885629,0.03162547541229591
997.667375712382,0.017329618577677276,0.059983689113697315,0.03161430655657872
997.850837899898,0.01732203127650632,0.05996542127111273,0.03160314238221319
998.0343000874141,0.017314448760942645,0.05994715789122298,0.03159198288531279
998.2177622749302,0.017306871025092697,0.059928898974145973,0.031580828061997156
998.4012244624463,0.017299298063073464,0.05991064451999702,0.031569677908392116
998.5846866499622,0.01729172986901253,0.059892394528889045,0.03155853242062971
998.7681488374783,0.017284166437047995,0.05987414900093237,0.0315473915948481
998.9516110249945,0.0172766077613285,0.05985590793623482,0.03153625542719165
999.1350732125105,0.017269053836013168,0.05983767133490177,0.03152512391381086
999.3185354000266,0.01726150465527162,0.05981943919703603,0.03151399705086236
999.5019975875427,0.01725396021328391,0.059801211522737964,0.03150287483450888
999.6854597750587,0.017246420504240578,0.059782988312105434,0.03149175726091931
999.8689219625747,0.01723888552234253,0.059764769565233855,0.031480644326268584
1000.0523841500908,0.017231355261801112,0.05974655528221613,0.031469536026737785
1000.235846337607,0.017223829716838047,0.05972834546314273,0.031458432358514046
1000.419308525123,0.017216308881685405,0.059710140108101606,0.031447333317790566
1000.6027707126391,0.017208792750585608,0.05969193921717832,0.03143623890076659
1000.7862329001553,0.017201281317791393,0.05967374279045593,0.031425149103647416
1000.9696950876712,0.0171937745775658,0.0596555508280151,0.031414063922644384
1001.1531572751873,0.01718627252418217,0.05963736332993398,0.03140298335397483
1001.3366194627033,0.017178775151924085,0.059619180296288356,0.031391907393862155
1001.5200816502195,0.017171282455085382,0.05960100172715153,0.031380836038535705
1001.7035438377355,0.017163794427970128,0.05958282762259444,0.03136976928423083
1001.8870060252515,0.017156311064892578,0.059564657982685565,0.03135870712718887
1002.0704682127677,0.017148832360177176,0.05954649280749093,0.03134764956365711
1002.2539304002837,0.017141358308158553,0.059528332097074234,0.03133659658988881
1002.4373925877998,0.017133888903181467,0.05951017585149672,0.031325548202143165
1002.6208547753158,0.01712642413960081,0.05949202407081726,0.03131450439668531
1002.804316962832,0.01711896401178158,0.059473876755092345,0.03130346516978629
1002.9877791503479,0.01711150851409887,0.059455733904376015,0.03129243051772307
1003.171241337864,0.01710405764093783,0.05943759551871995,0.031281400436778496
1003.35470352538,0.017096611386693678,0.059419461598173504,0.03127037492324133
1003.5381657128962,0.01708916974577165,0.05940133214278361,0.03125935397340619
1003.7216279004123,0.01708173271258702,0.05938320715259486,0.031248337583573604
1003.9050900879282,0.017074300281565005,0.0593650866276495,0.031237325750049887
1004.0885522754444,0.017066872447140852,0.059346970567987364,0.031226318469147262
1004.2720144629604,0.017059449203759715,0.05932885897364596,0.031215315737183724
1004.4554766504765,0.017052030545876735,0.05931075184466049,0.031204317550483175
1004.6389388379926,0.01704461646795693,0.05929264918106377,0.03119332390537525
1004.8224010255087,0.01703720696447523,0.05927455098288629,0.031182334798195415
1005.0058632130247,0.01702980202991646,0.0592564572501562,0.03117135022528495
1005.1893254005407,0.01702240165877527,0.05923836798289937,0.031160370182990883
1005.3727875880569,0.017015005845556198,0.0592202831811393,0.031149394667666013
1005.556249775573,0.01700761458477356,0.059202202844897224,0.03113842367566893
1005.739711963089,0.017000227870951522,0.05918412697419199,0.03112745720336394
1005.9231741506051,0.016992845698624002,0.059166055569040234,0.03111649524712109
1006.1066363381212,0.016985468062334693,0.059147988629456215,0.031105537803316163
1006.2900985256372,0.016978094956637046,0.05912992615545195,0.031094584868330645
1006.4735607131532,0.016970726376094224,0.05911186814703714,0.031083636438551738
1006.6570229006694,0.016963362315279135,0.05909381460421925,0.031072692510372358
1006.8404850881855,0.01695600276877435,0.0590757655270034,0.031061753080191067
1007.0239472757015,0.01694864773117213,0.05905772091539244,0.03105081814441211
1007.2074094632175,0.016941297197074386,0.059039680769387023,0.031039887699445424
1007.3908716507336,0.016933951161092673,0.059021645088985455,0.03102896174170655
1007.5743338382497,0.016926609617848143,0.05900361387418386,0.03101804026761672
1007.7577960257657,0.016919272561971583,0.05898558712497605,0.031007123273602766
1007.9412582132818,0.01691193998810335,0.05896756484135357,0.030996210756097143
1008.124720400798,0.016904611890893352,0.05894954702330581,0.030985302711537915
1008.3081825883139,0.016897288265001063,0.05893153367081986,0.030974399136368774
1008.49164477583,0.016889969105095458,0.058913524783880566,0.03096350002703896
1008.6751069633461,0.016882654405855062,0.058895520362470574,0.03095260538000331
1008.8585691508622,0.016875344161967863,0.05887752040657033,0.03094171519172225
1009.0420313383783,0.016868038368131322,0.058859524916158,0.030930829458661734
1009.2254935258942,0.016860737019052368,0.05884153389120959,0.030919948177293273
1009.4089557134104,0.016853440109447358,0.05882354733169885,0.030909071344093913
1009.5924179009264,0.016846147634042085,0.05880556523759737,0.03089819895554624
1009.7758800884425,0.016838859587571732,0.058787587608874495,0.030887331008138334
1009.9593422759586,0.016831575964780847,0.05876961444549743,0.030876467498363806
1010.1428044634747,0.01682429676042338,0.05875164574743118,0.030865608422721763
1010.3262666509906,0.01681702196926261,0.058733681514638515,0.030854753777716765
1010.5097288385067,0.016809751586071127,0.0587157217470801,0.030843903559858877
1010.6931910260229,0.016802485605630874,0.058697766444714326,0.030833057765663613
1010.8766532135389,0.016795224022733063,0.058679815607497535,0.030822216391651964
1011.060115401055,0.016787966832178182,0.05866186923538379,0.03081137943435034
1011.2435775885712,0.016780714028775984,0.05864392732832511,0.03080054689029061
1011.4270397760872,0.016773465607345467,0.05862598988627128,0.03078971875601006
1011.6105019636032,0.016766221562714845,0.058608056909169925,0.030778895028051367
1011.7939641511192,0.01675898188972153,0.05859012839696657,0.030768075702962645
1011.9774263386354,0.016751746583212136,0.0585722043496046,0.03075726077729738
1012.1608885261514,0.01674451563804245,0.05855428476702523,0.030746450247614472
1012.3443507136675,0.016737289049077404,0.058536369649167565,0.03073564411047815
1012.5278129011834,0.016730066811191054,0.05851845899596856,0.03072484236245803
1012.7112750886996,0.016722848919266616,0.058500552807363104,0.030714045000129114
1012.8947372762157,0.01671563536819636,0.05848265108328392,0.03070325202007169
1013.0781994637317,0.016708426152881643,0.05846475382366162,0.030692463418871413
1013.2616616512479,0.01670122126823293,0.05844686102842471,0.030681679193119253
1013.445123838764,0.016694020709169692,0.05842897269749965,0.03067089933941151
1013.6285860262799,0.01668682447062044,0.05841108883081073,0.03066012385434977
1013.812048213796,0.01667963254752273,0.05839320942828017,0.03064935273454092
1013.9955104013121,0.01667244493482307,0.05837533448982814,0.03063858597659714
1014.1789725888282,0.01666526162747697,0.05835746401537262,0.030627823577135845
1014.3624347763442,0.016658082620448898,0.05833959800482965,0.03061706553277977
1014.5458969638604,0.01665090790871227,0.058321736458113116,0.03060631184015687
1014.7293591513763,0.016643737487249434,0.05830387937513486,0.03059556249590037
1014.9128213388924,0.016636571351051635,0.05828602675580462,0.030584817496648698
1015.0962835264085,0.016629409495119037,0.05826817860003012,0.03057407683904554
1015.2797457139246,0.016622251914460654,0.058250334907716986,0.030563340519739763
1015.4632079014407,0.01661509860409436,0.05823249567876885,0.030552608535385467
1015.6466700889566,0.01660794955904689,0.05821466091308723,0.030541880882641943
1015.8301322764728,0.016600804774353797,0.05819683061057166,0.030531157558173656
1016.0135944639889,0.016593664245059446,0.058179004771119626,0.03052043855865027
1016.1970566515049,0.016586527966216996,0.058161183394626524,0.030509723880746586
1016.380518839021,0.016579395932888357,0.0581433664809858,0.030499013521142593
1016.5639810265371,0.016572268140144238,0.05812555403008883,0.030488307476523403
1016.7474432140532,0.016565144583064063,0.058107746041825004,0.0304776057435793
1016.9309054015691,0.016558025256735977,0.05808994251608165,0.030466908319005635
1017.1143675890852,0.01655091015625685,0.05807214345274413,0.03045621519950295
1017.2978297766014,0.016543799276732232,0.05805434885169577,0.030445526381776833
1017.4812919641174,0.01653669261327636,0.05803655871281793,0.030434841862538024
1017.6647541516335,0.016529590161012114,0.05801877303598994,0.030424161638502322
1017.8482163391496,0.016522491915071012,0.0580009918210892,0.030413485706390613
1018.0316785266656,0.01651539787059323,0.05798321506799101,0.030402814062928857
1018.2151407141816,0.016508308022727528,0.05796544277656877,0.03039214670484807
1018.3986029016977,0.016501222366631253,0.057947674946693895,0.030381483628884338
1018.5820650892139,0.01649414089747033,0.057929911578235814,0.030370824831778758
1018.7655272767299,0.016487063610419257,0.05791215267106198,0.03036017031027748
1018.9489894642459,0.016479990500661044,0.057894398225037905,0.030349520061131674
1019.132451651762,0.01647292156338727,0.057876648240027126,0.03033887408109754
1019.3159138392781,0.016465856793798004,0.057858902715891225,0.03032823236693626
1019.4993760267942,0.0164587961871018,0.057841161652489814,0.030317594915414026
1019.6828382143102,0.016451739738515703,0.05782342504968056,0.030306961723301995
1019.8663004018264,0.016444687443265202,0.05780569290731924,0.03029633278737633
1020.0497625893423,0.016437639296584244,0.05778796522525964,0.030285708104418146
1020.2332247768584,0.016430595293715204,0.057770242003353636,0.030275087671213514
1020.4166869643745,0.01642355542990886,0.05775252324145115,0.03026447148455346
1020.6001491518906,0.0164165197004244,0.05773480893940021,0.030253859541233948
1020.7836113394067,0.016409488100529383,0.057717099097046885,0.030243251838055863
1020.9670735269226,0.016402460625499736,0.05769939371423538,0.030232648371825037
1021.1505357144388,0.016395437270619727,0.05768169279080794,0.03022204913935218
1021.3339979019548,0.016388418031181972,0.05766399632660492,0.030211454137452937
1021.5174600894709,0.016381402902487376,0.05764630432146477,0.030200863362947816
1021.700922276987,0.016374391879845178,0.05762861677522405,0.030190276812662238
1021.8843844645031,0.016367384958572866,0.05761093368771743,0.03017969448342648
1022.0678466520192,0.016360382133996217,0.05759325505877766,0.03016911637207568
1022.2513088395351,0.016353383401449262,0.05757558088823563,0.030158542475449863
1022.4347710270513,0.01634638875627426,0.05755791117592035,0.030147972790393867
1022.6182332145673,0.01633939819382169,0.05754024592165893,0.030137407313757397
1022.8016954020834,0.016332411709450236,0.05752258512527664,0.030126846042394972
1022.9851575895995,0.01632542929852676,0.05750492878659682,0.03011628897316591
1023.1686197771156,0.01631845095642634,0.05748727690544101,0.030105736102934388
1023.3520819646316,0.016311476678532166,0.057469629481628884,0.030095187428569363
1023.5355441521476,0.01630450646023559,0.05745198651497824,0.03008464294694459
1023.7190063396638,0.016297540296936076,0.05743434800530498,0.030074102654938577
1023.9024685271798,0.016290578184041213,0.05741671395242326,0.030063566549434668
1024.085930714696,0.016283620116966685,0.05739908435614529,0.030053034627320906
1024.2693929022118,0.01627666609113624,0.05738145921628153,0.03004250688549015
1024.452855089728,0.0162697161019817,0.05736383853264053,0.03003198332083996
1024.6363172772442,0.016262770144942946,0.057346222305029046,0.03002146393027267
1024.8197794647601,0.016255828215467873,0.057328610533252,0.030010948710695325
1025.0032416522763,0.016248890309012394,0.05731100321711252,0.03000043765901971
1025.1867038397922,0.01624195642104045,0.05729340035641186,0.02998993077216232
1025.3701660273084,0.016235026547023936,0.05727580195094949,0.029979428047044326
1025.5536282148244,0.01622810068244273,0.05725820800052308,0.029968929480591627
1025.7370904023405,0.01622117882278468,0.057240618504928495,0.029958435069734807
1025.9205525898565,0.01621426096354555,0.05722303346395977,0.029947944811409104
1026.1040147773726,0.016207347100229044,0.057205452877409156,0.029937458702554442
1026.2874769648886,0.01620043722834678,0.057187876745067104,0.0299269767401154
1026.4709391524048,0.016193531343418256,0.057170305066722306,0.02991649892104122
1026.654401339921,0.016186629440970858,0.05715273784216165,0.029906025242285778
1026.8378635274369,0.016179731516539834,0.0571351750711702,0.02989555570080756
1027.021325714953,0.016172837565668292,0.05711761675353131,0.029885090293569727
1027.204787902469,0.016165947583907152,0.05710006288902655,0.029874629017540018
1027.3882500899851,0.01615906156681517,0.05708251347743567,0.029864171869690797
1027.571712277501,0.01615217950995891,0.05706496851853671,0.029853718846999028
1027.7551744650173,0.01614530140891271,0.05704742801210592,0.02984326994644625
1027.9386366525334,0.016138427259258688,0.057029891957917814,0.02983282516501861
1028.1220988400494,0.01613155705658672,0.05701236035574512,0.029822384499706794
1028.3055610275655,0.01612469079649443,0.05699483320535885,0.029811947947506086
1028.4890232150815,0.01611782847458718,0.05697731050652825,0.02980151550541631
1028.6724854025977,0.01611097008647801,0.05695979225902083,0.02979108717044182
1028.8559475901136,0.016104115627787706,0.05694227846260239,0.029780662939591564
1029.0394097776298,0.0160972650941447,0.05692476911703694,0.029770242809878954
1029.2228719651457,0.01609041848118512,0.05690726422208683,0.02975982677832198
1029.4063341526619,0.016083575784552738,0.056889763777512634,0.029749414841943118
1029.589796340178,0.01607673699989897,0.05687226778307323,0.02973900699776934
1029.773258527694,0.016069902122882847,0.056854776238525764,0.029728603242832136
1029.9567207152102,0.016063071149171014,0.05683728914362566,0.029718203574167473
1030.140182902726,0.01605624407443773,0.056819806498126645,0.029707807988815792
1030.3236450902423,0.01604942089436482,0.05680232830178078,0.029697416483822035
1030.5071072777582,0.016042601604641667,0.05678485455433837,0.029687029056235565
1030.6905694652744,0.016035786200965216,0.05676738525554802,0.029676645703110228
1030.8740316527903,0.016028974679039958,0.056749920405156695,0.0296662664215043
1031.0574938403065,0.016022167034577893,0.05673246000290966,0.029655891208480535
1031.2409560278224,0.016015363263298547,0.056715004048550385,0.029645520061106045
1031.4244182153386,0.01600856336092891,0.056697552541820836,0.029635152976452424
1031.6078804028548,0.016001767323203495,0.056680105482461184,0.029624789951595655
1031.7913425903707,0.015994975145864225,0.056662662870209934,0.029614430983616113
1031.974804777887,0.015988186824660525,0.05664522470480397,0.02960407606959861
1032.1582669654028,0.01598140235534923,0.05662779098597848,0.02959372520663231
1032.341729152919,0.01597462173369461,0.056610361713466964,0.029583378391810772
1032.525191340435,0.015967844955468317,0.05659293688700132,0.02957303562223191
1032.7086535279511,0.01596107201644944,0.05657551650631173,0.029562696894998013
1032.8921157154673,0.015954302912424403,0.05655810057112677,0.029552362207215733
1033.0755779029832,0.01594753763918702,0.0565406890811734,0.029542031555996072
1033.2590400904994,0.01594077619253845,0.05652328203617686,0.02953170493845435
1033.4425022780154,0.015934018568287175,0.05650587943586075,0.02952138235171021
1033.6259644655315,0.01592726476224903,0.0564884812799471,0.02951106379288765
1033.8094266530475,0.015920514770247123,0.05647108756815629,0.029500749259114962
1033.9928888405636,0.015913768588111894,0.05645369830020699,0.02949043874752475
1034.1763510280798,0.01590702621168104,0.0564363134758164,0.02948013225525393
1034.3598132155958,0.015900287636799508,0.05641893309469999,0.029469829779443672
1034.5432754031117,0.01589355285931952,0.0564015571565716,0.029459531317239447
1034.7267375906279,0.01588682187510055,0.05638418566114354,0.02944923686579102
1034.910199778144,0.01588009468000925,0.05636681860812646,0.0294389464222524
1035.09366196566,0.015873371269919535,0.05634945599722939,0.029428659983781847
1035.2771241531761,0.01586665164071247,0.056332097828159775,0.029418377547541886
1035.460586340692,0.015859935788276346,0.05631474410062348,0.029408099110699276
1035.6440485282083,0.015853223708506572,0.056297394814324754,0.029397824670425017
1035.8275107157242,0.015846515397305756,0.056280049968966274,0.029387554223894323
1036.0109729032404,0.01583981085058362,0.05626270956424909,0.029377287768286648
1036.1944350907565,0.015833110064257024,0.056245373599872736,0.02936702530078562
1036.3778972782725,0.015826413034249937,0.0562280420755351,0.029356766818579093
1036.5613594657884,0.015819719756493426,0.05621071499093254,0.029346512318859132
1036.7448216533046,0.01581303022692565,0.05619339234575982,0.029336261798821945
1036.9282838408208,0.015806344441491833,0.05617607413971014,0.029326015255667953
1037.1117460283367,0.015799662396144276,0.05615876037247515,0.029315772686601748
1037.2952082158529,0.015792984086842293,0.056141451043744905,0.029305534088832054
1037.478670403369,0.01578630950955224,0.05612414615320791,0.029295299459571756
1037.662132590885,0.01577963866024751,0.056106845700551154,0.029285068796037927
1037.845594778401,0.015772971534908465,0.05608954968546005,0.029274842095451725
1038.029056965917,0.015766308129522493,0.056072258107618435,0.02926461935503848
1038.2125191534333,0.015759648440083943,0.056054970966708674,0.029254400572027633
1038.3959813409492,0.015752992462594116,0.05603768826241153,0.02924418574365272
1038.5794435284654,0.015746340193061283,0.05602040999440625,0.02923397486715142
1038.7629057159813,0.015739691627500642,0.056003136162370536,0.02922376793976547
1038.9463679034975,0.0157330467619343,0.05598586676598057,0.02921356495874074
1039.1298300910134,0.015726405592391305,0.05596860180491107,0.02920336592132717
1039.3132922785296,0.015719768114907575,0.055951341278835144,0.029193170824778784
1039.4967544660458,0.015713134325525912,0.05593408518742442,0.029182979666353654
1039.6802166535617,0.015706504220296007,0.055916833530349,0.029172792443313934
1039.8636788410777,0.015699877795274392,0.05589958630727746,0.02916260915292581
1040.0471410285938,0.01569325504652444,0.05588234351787695,0.02915242979245955
1040.23060321611,0.01568663597011635,0.05586510516181301,0.029142254359189428
1040.414065403626,0.015680020562127164,0.055847871238749736,0.029132082850393766
1040.5975275911421,0.0156734088186407,0.055830641748349744,0.02912191526335491
1040.7809897786583,0.015666800735747576,0.055813416690274134,0.029111751595359225
1040.9644519661742,0.015660196309545186,0.05579619606418246,0.029101591843697046
1041.1479141536902,0.015653595536137675,0.05577897986973288,0.029091436005662764
1041.3313763412064,0.015646998411635964,0.055761768106582045,0.029081284078554738
1041.5148385287225,0.015640404932157705,0.055744560774385096,0.029071136059675307
1041.6983007162385,0.015633815093827257,0.055727357872795744,0.02906099194633081
1041.8817629037544,0.015627228892775704,0.055710159401466175,0.029050851735831523
1042.0652250912706,0.015620646325140833,0.055692965360047156,0.02904071542549172
1042.2486872787867,0.015614067387067101,0.05567577574818794,0.029030583012629608
1042.4321494663027,0.015607492074705655,0.05565859056553637,0.02902045449456736
1042.6156116538189,0.015600920384214293,0.05564140981173876,0.029010329868631068
1042.799073841335,0.015594352311757462,0.05562423348644009,0.029000209132150782
1042.982536028851,0.015587787853506233,0.05560706158928376,0.02899009228246046
1043.165998216367,0.015581227005638309,0.055589894119911776,0.028979979316897986
1043.349460403883,0.015574669764338009,0.0555727310779647,0.028969870232805152
1043.5329225913993,0.015568116125796219,0.05555557246308167,0.028959765027527652
1043.7163847789152,0.015561566086210444,0.05553841827490036,0.028949663698415097
1043.8998469664314,0.01555501964178473,0.05552126851305701,0.028939566242820958
1044.0833091539473,0.015548476788729693,0.055504123177186435,0.0289294726581026
1044.2667713414635,0.015541937523262491,0.05548698226692204,0.02891938294162128
1044.4502335289794,0.015535401841606827,0.055469845781895774,0.028909297090742102
1044.6336957164956,0.015528869739992901,0.0554527137217382,0.028899215102834025
1044.8171579040118,0.01552234121465743,0.05543558608607842,0.02888913697526988
1045.0006200915277,0.015515816261843621,0.055418462874544126,0.028879062705426322
1045.1840822790437,0.015509294877801163,0.05540134408676167,0.02886899229068386
1045.3675444665598,0.015502777058786232,0.055384229722355925,0.028858925728426847
1045.551006654076,0.015496262801061431,0.055367119780950366,0.028848863016043426
1045.734468841592,0.015489752100895818,0.0553500142621671,0.028838804150925566
1045.917931029108,0.015483244954564898,0.05533291316562681,0.028828749130469084
1046.1013932166243,0.015476741358350568,0.05531581649094878,0.028818697952073535
1046.2848554041402,0.01547024130854116,0.05529872423775094,0.028808650613142334
1046.4683175916562,0.015463744801431376,0.05528163640564978,0.028798607111082626
1046.6517797791723,0.015457251833322305,0.05526455299426046,0.028788567443305373
1046.8352419666885,0.01545076240052141,0.05524747400319674,0.028778531607225304
1047.0187041542044,0.015444276499342505,0.055230399432070976,0.028768499600260917
1047.2021663417204,0.015437794126105766,0.05521332928049416,0.028758471419834446
1047.3856285292366,0.015431315277137675,0.055196263548075955,0.02874844706337192
1047.5690907167527,0.015424839948771054,0.055179202234424594,0.028738426528303062
1047.7525529042687,0.01541836813734502,0.05516214533914702,0.02872840981206139
1047.9360150917848,0.01541189983920499,0.055145092861848696,0.02871839691208409
1048.119477279301,0.015405435050702665,0.055128044802133847,0.028708387825812122
1048.302939466817,0.015398973768196027,0.0551110011596053,0.028698382550690155
1048.486401654333,0.015392515988049294,0.05509396193386451,0.028688381084166548
1048.669863841849,0.015386061706632948,0.0550769271245116,0.02867838342369337
1048.8533260293652,0.015379610920323708,0.05505989673114538,0.02866838956672641
1049.0367882168812,0.01537316362550449,0.05504287075336324,0.02865839951072511
1049.2202504043971,0.015366719818564453,0.0550258491907613,0.02864841325315261
1049.4037125919133,0.015360279495898927,0.055008832042934316,0.028638430791475728
1049.5871747794295,0.015353842653909456,0.054991819309475706,0.028628452123164942
1049.7706369669454,0.015347409289003727,0.05497481098997762,0.028618477245694423
1049.9540991544616,0.015340979397595619,0.05495780708403077,0.028608506156541952
1050.1375613419777,0.015334552976105139,0.05494080759122466,0.028598538853188978
1050.3210235294937,0.015328130020958456,0.054923812511147384,0.0285885753331206
1050.5044857170096,0.015321710528587834,0.054906821843385786,0.028578615593825525
1050.6879479045258,0.01531529449543168,0.05488983558752534,0.028568659632796117
1050.871410092042,0.015308881917934492,0.05487285374315025,0.028558707447528336
1051.054872279558,0.01530247279254684,0.0548558763098434,0.028548759035521766
1051.238334467074,0.015296067115725407,0.054838903287186394,0.028538814394279598
1051.4217966545903,0.01528966488393293,0.054821934674759466,0.028528873521308624
1051.6052588421062,0.015283266093638198,0.054804970472141626,0.028518936414119216
1051.7887210296221,0.01527687074131604,0.05478801067891055,0.02850900307022535
1051.9721832171383,0.015270478823447328,0.05477105529464266,0.02849907348714459
1052.1556454046545,0.015264090336518946,0.05475410431891303,0.028489147662398025
1052.3391075921704,0.015257705277023793,0.05473715775129552,0.028479225593510366
1052.5225697796866,0.015251323641460753,0.05472021559136263,0.028469307278009837
1052.7060319672025,0.01524494542633471,0.05470327783868565,0.028459392713428254
1052.8894941547187,0.01523857062815651,0.054686344492834535,0.028449481897300948
1053.0729563422346,0.015232199243442962,0.05466941555337803,0.028439574827166803
1053.2564185297508,0.015225831268716844,0.054652491019883544,0.028429671500568233
1053.439880717267,0.015219466700506848,0.05463557089191727,0.028419771915051184
1053.623342904783,0.0152131055353476,0.05461865516904413,0.02840987606816512
1053.8068050922989,0.015206747769779653,0.054601743850827764,0.028399983957462998
1053.990267279815,0.015200393400349451,0.05458483693683058,0.02839009558050131
1054.1737294673312,0.015194042423609336,0.054567934426613694,0.02838021093484002
1054.3571916548472,0.015187694836117534,0.05455103631973701,0.028370330018042615
1054.5406538423633,0.015181350634438137,0.054534142615759174,0.028360452827676037
1054.7241160298793,0.015175009815141093,0.05451725331423755,0.02835057936131071
1054.9075782173954,0.015168672374802215,0.05450036841472829,0.028340709616520566
1055.0910404049114,0.015162338310003126,0.054483487916786325,0.02833084359088297
1055.2745025924276,0.015156007617331296,0.05446661181996533,0.02832098128197875
1055.4579647799437,0.015149680293379986,0.05444974012381772,0.0283111226873922
1055.6414269674597,0.015143356334748273,0.05443287282789475,0.02830126780471105
1055.8248891549758,0.01513703573804103,0.054416009931746355,0.028291416631526477
1056.0083513424918,0.015130718499868892,0.054399151434921314,0.02828156916543308
1056.191813530008,0.015124404616848278,0.054382297336967166,0.0282717254040289
1056.375275717524,0.015118094085601358,0.05436544763743023,0.0282618853449154
1056.55873790504,0.015111786902756042,0.0543486023358556,0.028252048985697435
1056.7422000925562,0.015105483064945982,0.05433176143178714,0.02824221632398329
1056.9256622800722,0.015099182568810553,0.05431492492476755,0.028232387357384637
1057.1091244675883,0.01509288541099484,0.054298092814338325,0.02822256208351657
1057.2925866551043,0.015086591588149623,0.05428126510003971,0.028212740499997523
1057.4760488426205,0.015080301096931379,0.05426444178141079,0.02820292260444937
1057.6595110301364,0.015074013934002272,0.05424762285798942,0.028193108394497318
1057.8429732176526,0.015067730096030121,0.05423080832931228,0.028183297867769963
1058.0264354051685,0.01506144957968841,0.05421399819491483,0.028173491021899248
1058.2098975926847,0.015055172381656259,0.05419719245433139,0.028163687854520503
1058.3933597802006,0.015048898498618415,0.05418039110709503,0.02815388836327235
1058.5768219677168,0.01504262792726529,0.05416359415273773,0.028144092545796834
1058.760284155233,0.015036360664292875,0.05414680159079016,0.028134300399739288
1058.943746342749,0.015030096706402757,0.054130013420781956,0.02812451192274838
1059.127208530265,0.015023836050302133,0.05411322964224145,0.0281147271124761
1059.310670717781,0.015017578692703778,0.05409645025469588,0.028104945966577782
1059.4941329052972,0.01501132463032603,0.0540796752576713,0.028095168482712058
1059.6775950928131,0.01500507385989279,0.05406290465069258,0.028085394658540853
1059.8610572803293,0.0149988263781335,0.05404613843328343,0.02807562449172941
1060.0445194678452,0.014992582181783152,0.05402937660496643,0.028065857979946263
1060.2279816553614,0.014986341267582248,0.054012619165262954,0.02805609512086323
1060.4114438428776,0.014980103632276828,0.05399586611369324,0.028046335912155412
1060.5949060303935,0.01497386927261841,0.053979117449776404,0.028036580351501184
1060.7783682179097,0.014967638185364026,0.05396237317303039,0.0280268284365822
1060.9618304054256,0.014961410367276176,0.05394563328297197,0.028017080165083356
1061.1452925929418,0.01495518581512285,0.053928897779116816,0.028007335534692823
1061.3287547804578,0.014948964525677486,0.05391216666097942,0.027997594543102022
1061.512216967974,0.014942746495718973,0.05389543992807316,0.027987857188005606
1061.69567915549,0.01493653172203166,0.05387871757991027,0.027978123467101473
1061.879141343006,0.014930320201405297,0.053861999616001875,0.02796839337809076
1062.0626035305222,0.014924111930635083,0.053845286035857934,0.02795866691867783
1062.2460657180382,0.014917906906521613,0.053828576838987285,0.027948944086570254
1062.4295279055543,0.014911705125870858,0.05381187202489768,0.027939224879478818
1062.6129900930703,0.014905506585494221,0.05379517159309567,0.027929509295117526
1062.7964522805864,0.01489931128220845,0.05377847554308677,0.027919797331203578
1062.9799144681024,0.014893119212835672,0.05376178387437538,0.027910088985457392
1063.1633766556185,0.014886930374203366,0.05374509658646469,0.027900384255602522
1063.3468388431345,0.014880744763144368,0.05372841367885689,0.027890683139365775
1063.5303010306507,0.014874562376496845,0.05371173515105302,0.027880985634477096
1063.7137632181668,0.014868383211104268,0.05369506100255299,0.02787129173866958
1063.8972254056828,0.014862207263815467,0.053678391232855616,0.027861601449679536
1064.080687593199,0.014856034531484527,0.05366172584145865,0.0278519147652464
1064.264149780715,0.014849865010970856,0.05364506482785871,0.027842231683112777
1064.447611968231,0.014843698699139157,0.05362840819155136,0.02783255220102443
1064.631074155747,0.014837535592859375,0.05361175593203099,0.027822876316730222
1064.8145363432632,0.014831375689006738,0.053595108048790994,0.027813204027982198
1064.9979985307793,0.014825218984461732,0.05357846454132368,0.027803535332535524
1065.1814607182953,0.014819065476110083,0.0535618254091202,0.027793870228148488
1065.3649229058112,0.014812915160842727,0.05354519065167064,0.02778420871258246
1065.5483850933274,0.014806768035555851,0.053528560268464045,0.02777455078360197
1065.7318472808436,0.014800624097150838,0.05351193425898838,0.02776489643897464
1065.9153094683595,0.014794483342534285,0.05349531262273053,0.027755245676471186
1066.0987716558757,0.014788345768617966,0.0534786953591763,0.027745598493865424
1066.2822338433919,0.014782211372318868,0.05346208246781044,0.027735954888934274
1066.4656960309078,0.014776080150559109,0.05344547394811663,0.027726314859457712
1066.6491582184237,0.01476995210026599,0.05342886979957747,0.027716678403218797
1066.83262040594,0.014763827218371972,0.053412270021674535,0.02770704551800368
1067.016082593456,0.014757705501814633,0.05339567461388832,0.02769741620160155
1067.199544780972,0.01475158694753671,0.053379083575698275,0.027687790451804677
1067.3830069684882,0.014745471552486053,0.05336249690658279,0.02767816826640839
1067.5664691560041,0.014739359313615596,0.05334591460601923,0.027668549643211037
1067.7499313435203,0.014733250227883432,0.053329336673483885,0.02765893458001405
1067.9333935310362,0.014727144292252692,0.053312763108451997,0.02764932307462185
1068.1168557185524,0.014721041503691603,0.053296193910397804,0.027639715124841924
1068.3003179060686,0.014714941859173495,0.053279629078794466,0.027630110728484786
1068.4837800935845,0.014708845355676719,0.05326306861311414,0.027620509883363942
1068.6672422811005,0.014702751990184698,0.05324651251282793,0.02761091258729595
1068.8507044686166,0.014696661759685897,0.053229960777405896,0.027601318838100335
1069.0341666561328,0.014690574661173818,0.0532134134063171,0.02759172863359966
1069.2176288436488,0.01468449069164697,0.053196870399029574,0.027582141971619466
1069.401091031165,0.014678409848108887,0.053180331755010336,0.02757255884998831
1069.584553218681,0.014672332127568109,0.05316379747372533,0.02756297926653769
1069.768015406197,0.014666257527038146,0.05314726755463951,0.02755340321910211
1069.951477593713,0.014660186043537523,0.05313074199721686,0.02754383070551906
1070.1349397812291,0.014654117674089745,0.05311422080092032,0.02753426172362901
1070.3184019687453,0.014648052415723234,0.053097703965211795,0.02752469627127534
1070.5018641562613,0.014641990265471408,0.053081191489552204,0.027515134346304433
1070.6853263437772,0.014635931220372617,0.05306468337340141,0.02750557594656559
1070.8687885312934,0.014629875277470134,0.0530481796162184,0.027496021069911097
1071.0522507188095,0.014623822433812193,0.05303168021746103,0.027486469714196177
1071.2357129063255,0.0146177726864519,0.053015185176586224,0.02747692187727895
1071.4191750938417,0.0146117260324473,0.052998694493049905,0.0274673775570205
1071.6026372813578,0.014605682468861323,0.05298220816630701,0.027457836751284843
1071.7860994688738,0.014599641992761795,0.052965726195811434,0.02744829945793888
1071.9695616563897,0.014593604601221399,0.05294924858101616,0.02743876567485245
1072.1530238439059,0.014587570291317705,0.05293277532137312,0.027429235399898295
1072.336486031422,0.014581539060133143,0.05291630641633329,0.02741970863095205
1072.519948218938,0.014575510904754974,0.052899841865346686,0.027410185365892265
1072.7034104064542,0.014569485822275328,0.052883381667862314,0.02740066560260037
1072.88687259397,0.01456346380979113,0.05286692582332823,0.02739114933896068
1073.0703347814863,0.01455744486440417,0.05285047433119151,0.027381636572860413
1073.2537969690022,0.014551428983221006,0.05283402719089821,0.027372127302189613
1073.4372591565184,0.014545416163353034,0.05281758440189351,0.02736262152484125
1073.6207213440346,0.014539406401916411,0.05280114596362158,0.027353119238711136
1073.8041835315505,0.014533399696032092,0.052784711875525595,0.027343620441697913
1073.9876457190664,0.014527396042825828,0.05276828213704782,0.02733412513170313
1074.1711079065826,0.014521395439428094,0.052751856747629514,0.02732463330663114
1074.3545700940988,0.014515397882974151,0.052735435706711034,0.027315144964389172
1074.5380322816147,0.014509403370603993,0.05271901901373174,0.027305660102887253
1074.721494469131,0.01450341189946236,0.05270260666813007,0.02729617872003829
1074.904956656647,0.014497423466698712,0.0526861986693435,0.027286700813757985
1075.088418844163,0.014491438069467236,0.05266979501680854,0.027277226381964875
1075.271881031679,0.014485455704926816,0.052653395709960804,0.0272677554225803
1075.4553432191951,0.014479476370241048,0.05263700074823495,0.027258287933528424
1075.6388054067113,0.014473500062578212,0.05262061013106465,0.027248823912736215
1075.8222675942272,0.014467526779111273,0.052604223857882694,0.027239363358133428
1076.0057297817432,0.014461556517017877,0.0525878419281209,0.027229906267652638
1076.1891919692594,0.014455589273480313,0.05257146434121022,0.027220452639229183
1076.3726541567755,0.014449625045685557,0.052555091096580596,0.027211002470801226
1076.5561163442915,0.014443663830825196,0.05253872219366109,0.027201555760309654
1076.7395785318076,0.014437705626095471,0.052522357631879776,0.027192112505698147
1076.9230407193238,0.014431750428697251,0.05250599741066393,0.027182672704913195
1077.1065029068398,0.014425798235836021,0.05248964152943979,0.027173236355903997
1077.2899650943557,0.014419849044721872,0.05247328998763275,0.02716380345662255
1077.4734272818719,0.014413902852569504,0.052456942784667226,0.027154374005023563
1077.656889469388,0.014407959656598199,0.05244059991996677,0.027144947999064535
1077.840351656904,0.014402019454031833,0.05242426139295401,0.027135525436705693
1078.0238138444201,0.014396082242098837,0.052407927203050673,0.027126106315909993
1078.207276031936,0.014390148018032225,0.052391597349677556,0.027116690634643125
1078.3907382194523,0.014384216779069568,0.052375271832254565,0.027107278390873523
1078.5742004069682,0.014378288522452968,0.05235895065020073,0.02709786958257233
1078.7576625944844,0.014372363245429074,0.052342633802934156,0.02708846420771341
1078.9411247820005,0.014366440945249059,0.05232632128987204,0.027079062264273323
1079.1245869695165,0.01436052161916863,0.05231001311043069,0.02706966375023136
1079.3080491570324,0.014354605264447989,0.052293709264025566,0.027060268663569514
1079.4915113445486,0.014348691878351846,0.05227740975007118,0.027050877002272444
1079.6749735320648,0.014342781458149417,0.052261114567981194,0.027041488764327538
1079.8584357195807,0.01433687400111438,0.052244823717168334,0.027032103947724838
1080.0418979070969,0.01433096950452491,0.05222853719704451,0.02702272255045709
1080.225360094613,0.014325067965663647,0.052212255007020744,0.02701334457051973
1080.408822282129,0.014319169381817667,0.05219597714650713,0.027003970005910823
1080.592284469645,0.01431327375027854,0.052179703614912906,0.026994598854631135
1080.775746657161,0.014307381068342237,0.05216343441164647,0.026985231114684077
1080.9592088446773,0.014301491333309185,0.05214716953611531,0.02697586678407573
1081.1426710321932,0.014295604542484214,0.05213090898772606,0.02696650586081481
1081.3261332197092,0.014289720693176591,0.052114652765884464,0.026957148342912685
1081.5095954072253,0.014283839782699991,0.052098400869995454,0.026947794228383382
1081.6930575947415,0.014277961808372467,0.05208215329946303,0.026938443515243528
1081.8765197822574,0.014272086767516462,0.05206591005369041,0.026929096201512414
1082.0599819697736,0.014266214657458837,0.05204967113207987,0.02691975228521195
1082.2434441572898,0.014260345475530784,0.0520334365340329,0.02691041176436666
1082.4269063448057,0.014254479219067879,0.05201720625895011,0.026901074637003697
1082.6103685323217,0.014248615885410048,0.05200098030623124,0.026891740901152806
1082.7938307198378,0.014242755471901566,0.051984758675275224,0.02688241055484636
1082.977292907354,0.01423689797589105,0.05196854136548007,0.026873083596119313
1083.16075509487,0.014231043394731458,0.05195232837624305,0.026863760023009255
1083.3442172823861,0.014225191725780035,0.05193611970696051,0.026854439833556305
1083.527679469902,0.01421934296639836,0.051919915357028,0.02684512302580324
1083.7111416574182,0.014213497113952325,0.05190371532584019,0.026835809597795357
1083.8946038449342,0.014207654165812109,0.05188751961279098,0.026826499547580575
1084.0780660324504,0.014201814119352191,0.051871328217273346,0.026817192873209376
1084.2615282199665,0.014195976971951314,0.05185514113867952,0.026807889572734788
1084.4449904074825,0.014190142720992486,0.05183895837640083,0.026798589644212428
1084.6284525949986,0.014184311363863004,0.051822779929827846,0.02678929308570045
1084.8119147825146,0.014178482897954401,0.051806605798350246,0.026779999895259587
1084.9953769700307,0.014172657320662451,0.05179043598135695,0.026770710070953087
1085.1788391575467,0.014166834629387198,0.05177427047823603,0.026761423610846786
1085.3623013450629,0.014161014821532878,0.051758109288374696,0.026752140513009014
1085.545763532579,0.014155197894507972,0.0517419524111594,0.02674286077551067
1085.729225720095,0.014149383845725168,0.051725799845975765,0.026733584396425158
1085.912687907611,0.014143572672601365,0.05170965159220858,0.026724311373828424
1086.096150095127,0.014137764372557635,0.05169350764924187,0.026715041705798925
1086.2796122826433,0.01413195894301927,0.05167736801645878,0.02670577539041763
1086.4630744701592,0.014126156381415724,0.05166123269324173,0.026696512425768038
1086.6465366576754,0.014120356685180632,0.05164510167897226,0.02668725280993612
1086.8299988451913,0.014114559851751784,0.05162897497303117,0.026677996541010378
1087.0134610327075,0.014108765878571137,0.05161285257479843,0.026668743617081807
1087.1969232202234,0.014102974763084785,0.05159673448365319,0.026659494036243868
1087.3803854077396,0.014097186502742966,0.051580620698973866,0.026650247796592547
1087.5638475952558,0.014091401095000072,0.05156451122013804,0.02664100489622629
1087.7473097827717,0.014085618537314576,0.05154840604652251,0.026631765333246026
1087.9307719702879,0.014079838827149102,0.05153230517750327,0.02662252910575515
1088.1142341578038,0.014074061961970367,0.05151620861245558,0.02661329621185954
1088.29769634532,0.014068287939249188,0.051500116350753834,0.026604066649667517
1088.481158532836,0.014062516756460471,0.05148402839177172,0.026594840417289895
1088.664620720352,0.014056748411083217,0.05146794473488207,0.026585617512839898
1088.848082907868,0.014050982900600497,0.05145186537945702,0.026576397934433234
1089.0315450953842,0.014045220222499447,0.051435790324867836,0.02656718168018804
1089.2150072829004,0.014039460374271253,0.05141971957048509,0.026557968748224893
1089.3984694704163,0.014033703353411184,0.05140365311567855,0.026548759136666822
1089.5819316579325,0.01402794915741852,0.05138759095981723,0.02653955284363928
1089.7653938454484,0.014022197783796597,0.051371533102269364,0.026530349867270153
1089.9488560329646,0.014016449230052774,0.05135547954240238,0.026521150205689726
1090.1323182204806,0.014010703493698424,0.051339430279583,0.02651195385703072
1090.3157804079967,0.01400496057224895,0.05132338531317715,0.02650276081942827
1090.4992425955127,0.013999220463223735,0.05130734464255001,0.026493571091019914
1090.6827047830288,0.01399348316414618,0.05129130826706603,0.026484384669945606
1090.866166970545,0.01398774867254366,0.05127527618608883,0.02647520155434769
1091.049629158061,0.013982016985947537,0.05125924839898134,0.026466021742370886
1091.2330913455771,0.013976288101893147,0.0512432249051057,0.026456845232162345
1091.416553533093,0.013970562017919791,0.05122720570382333,0.026447672021871576
1091.6000157206092,0.01396483873157075,0.0512111907944949,0.026438502109650503
1091.7834779081252,0.013959118240393217,0.05119518017648028,0.026429335493653366
1091.9669400956413,0.013953400541938343,0.05117917384913867,0.02642017217203684
1092.1504022831573,0.013947685633761222,0.051163171811828445,0.026411012142959923
1092.3338644706735,0.013941973513420868,0.051147174063907355,0.026401855404584017
1092.5173266581896,0.013936264178480215,0.0511311806047323,0.02639270195507285
1092.7007888457056,0.013930557626506112,0.051115191433659515,0.026383551792592542
1092.8842510332217,0.013924853855069304,0.05109920655004445,0.02637440491531151
1093.0677132207377,0.013919152861744449,0.05108322595324185,0.026365261321400563
1093.2511754082539,0.013913454644110076,0.05106724964260573,0.026356121009032833
1093.4346375957698,0.013907759199748602,0.05105127761748938,0.026346983976383805
1093.618099783286,0.013902066526246324,0.05103530987724535,0.026337850221631275
1093.8015619708021,0.0138963766211934,0.05101934642122548,0.026328719742955392
1093.985024158318,0.013890689482183855,0.05100338724878086,0.026319592538538612
1094.168486345834,0.013885005106815545,0.05098743235926191,0.026310468606565707
1094.3519485333502,0.01387932349269018,0.050971481752018266,0.02630134794522378
1094.5354107208664,0.013873644637413318,0.05095553542639889,0.026292230552702234
1094.7188729083823,0.013867968538594334,0.05093959338175201,0.026283116427192787
1094.9023350958985,0.013862295193846418,0.05092365561742518,0.02627400556688946
1095.0857972834144,0.01385662460078659,0.05090772213276519,0.026264897969988554
1095.2692594709306,0.013850956757035668,0.05089179292711815,0.0262557936346887
1095.4527216584465,0.013845291660218275,0.05087586799982944,0.026246692559190786
1095.6361838459627,0.013839629307962805,0.050859947350243795,0.026237594741698005
1095.8196460334789,0.01383396969790147,0.050844030977705165,0.026228500180415826
1096.0031082209948,0.013828312827670223,0.05082811888155685,0.02621940887355197
1096.186570408511,0.013822658694908816,0.05081221106114144,0.026210320819316485
1096.370032596027,0.013817007297260736,0.05079630751580082,0.026201236015921635
1096.553494783543,0.01381135863237325,0.05078040824487619,0.02619215446158198
1096.736956971059,0.01380571269789736,0.05076451324770802,0.026183076154514318
1096.9204191585752,0.013800069491487798,0.05074862252363617,0.026174001092937722
1097.1038813460914,0.01379442901080306,0.05073273607199972,0.026164929275073506
1097.2873435336073,0.013788791253505328,0.050716853892137106,0.026155860699145234
1097.4708057211233,0.013783156217260534,0.05070097598338606,0.026146795363378716
1097.6542679086394,0.013777523899738301,0.05068510234508368,0.026137733266001995
1097.8377300961556,0.013771894298611965,0.05066923297656628,0.026128674405245345
1098.0211922836716,0.013766267411558555,0.050653367877169606,0.02611961877934128
1098.2046544711877,0.013760643236258797,0.05063750704622869,0.026110566386524557
1098.388116658704,0.01375502177039708,0.050621650483077804,0.026101517225032112
1098.5715788462198,0.013749403011661495,0.05060579818705067,0.02609247129310312
1098.7550410337358,0.013743786957743778,0.05058995015748023,0.02608342858897899
1098.938503221252,0.013738173606339332,0.050574106393698845,0.02607438911090331
1099.1219654087681,0.01373256295514722,0.05055826689503814,0.026065352857121894
1099.305427596284,0.013726955001870147,0.050542431660829126,0.026056319825882752
1099.4888897838,0.013721349744214451,0.05052660069040206,0.026047290015436077
1099.6723519713162,0.013715747179890114,0.050510773983086635,0.026038263424034275
1099.8558141588323,0.013710147306610724,0.05049495153821185,0.026029240049931936
1100.0392763463483,0.013704550122093503,0.050479133355105996,0.02602021989138582
1100.2227385338645,0.013698955624059286,0.05046331943309679,0.026011202946654904
1100.4062007213806,0.01369336381023251,0.05044750977151121,0.02600218921400031
1100.5896629088966,0.013687774678341189,0.05043170436967563,0.025993178691685333
1100.7731250964125,0.01368218822611696,0.050415903226915734,0.025984171377975446
1100.9565872839287,0.013676604451295005,0.05040010634255658,0.02597516727113829
1101.1400494714449,0.013671023351614117,0.05038431371592258,0.025966166369443655
1101.3235116589608,0.013665444924816634,0.05036852534633749,0.025957168671163506
1101.506973846477,0.013659869168648467,0.05035274123312441,0.025948174174571948
1101.690436033993,0.013654296080859074,0.05033696137560584,0.025939182877945232
1101.873898221509,0.013648725659201472,0.05032118577310354,0.025930194779561756
1102.057360409025,0.013643157901432204,0.05030541442493872,0.02592120987770206
1102.2408225965412,0.013637592805311363,0.05028964733043193,0.02591222817064882
1102.4242847840574,0.013632030368602555,0.05027388448890309,0.025903249656686854
1102.6077469715733,0.013626470589072922,0.050258125899671414,0.02589427433410309
1102.7912091590892,0.013620913464493109,0.05024237156205559,0.025885302201186594
1102.9746713466054,0.013615358992637258,0.050226621475373615,0.02587633325622855
1103.1581335341216,0.013609807171283022,0.05021087563894283,0.025867367497522255
1103.3415957216375,0.013604257998211555,0.050195134052080016,0.02585840492336311
1103.5250579091537,0.013598711471207493,0.05017939671410128,0.02584944553204866
1103.7085200966699,0.013593167588058935,0.05016366362432212,0.02584048932187851
1103.8919822841858,0.013587626346557469,0.05014793478205739,0.0258315362911544
1104.0754444717018,0.013582087744498145,0.050132210186621354,0.025822586438180146
1104.258906659218,0.013576551779679466,0.05011648983732764,0.02581363976126167
1104.442368846734,0.013571018449903391,0.05010077373348927,0.025804696258706968
1104.62583103425,0.013565487752975332,0.0500850618744186,0.02579575592882613
1104.809293221766,0.013559959686704131,0.050069354259427455,0.025786818769931337
1104.9927554092822,0.01355443424890207,0.05005365088782697,0.025777884780336834
1105.1762175967983,0.013548911437384837,0.050037951758927744,0.025768953958358952
1105.3596797843143,0.013543391249971554,0.050022256872039705,0.025760026302316073
1105.5431419718304,0.013537873684484763,0.05000656622647217,0.02575110181052866
1105.7266041593466,0.013532358738750392,0.04999087982153387,0.025742180481319227
1105.9100663468625,0.013526846410597782,0.04997519765653298,0.025733262313012355
1106.0935285343785,0.013521336697859664,0.04995951973077699,0.025724347303934685
1106.2769907218947,0.01351582959837215,0.04994384604357283,0.0257154354524149
1106.4604529094108,0.013510325109974722,0.04992817659422685,0.025706526756783716
1106.6439150969268,0.013504823230510258,0.049912511382044764,0.02569762121537391
1106.827377284443,0.01349932395782498,0.04989685040633168,0.025688718826520303
1107.010839471959,0.013493827289768478,0.049881193666392196,0.02567981958855974
1107.194301659475,0.013488333224193693,0.04986554116153021,0.025670923499831088
1107.377763846991,0.013482841758956917,0.049849892891049116,0.025662030558675265
1107.5612260345072,0.013477352891917779,0.04983424885425165,0.025653140763435195
1107.7446882220233,0.013471866620939233,0.04981860905044003,0.025644254112455835
1107.9281504095393,0.013466382943887568,0.04980297347891581,0.02563537060408414
1108.1116125970552,0.013460901858632385,0.04978734213898003,0.025626490236669092
1108.2950747845714,0.013455423363046618,0.04977171502993311,0.025617613008561683
1108.4785369720876,0.013449947455006477,0.04975609215107489,0.025608738918114892
1108.6619991596035,0.013444474132391509,0.049740473501704636,0.025599867963683735
1108.8454613471197,0.013439003393084523,0.04972485908112105,0.02559100014362519
1109.0289235346359,0.013433535234971636,0.049709248888622236,0.025582135456298245
1109.2123857221518,0.013428069655942228,0.049693642923505754,0.02557327390006387
1109.3958479096677,0.013422606653888983,0.04967804118506856,0.02556441547328503
1109.579310097184,0.01341714622670782,0.04966244367260705,0.02555556017432667
1109.7627722847,0.013411688372297939,0.04964685038541707,0.02554670800155572
1109.946234472216,0.013406233088561797,0.04963126132279385,0.025537858953341062
1110.129696659732,0.0134007803734051,0.049615676484032104,0.025529013028053587
1110.3131588472481,0.013395330224736776,0.04960009586842598,0.025520170224066125
1110.4966210347643,0.01338988264046902,0.04958451947526901,0.02551133053975347
1110.6800832222802,0.013384437618517242,0.04956894730385422,0.025502493973492395
1110.8635454097964,0.013378995156800078,0.049553379353474064,0.025493660523661622
1111.0470075973126,0.013373555253239392,0.049537815623420425,0.02548483018864182
1111.2304697848285,0.013368117905760243,0.04952225611298463,0.025476002966815625
1111.4139319723445,0.01336268311229089,0.049506700821457465,0.02546717885656759
1111.5973941598606,0.013357250870762819,0.04949114974812915,0.025458357856284232
1111.7808563473768,0.013351821179110698,0.04947560289228936,0.025449539964354013
1111.9643185348928,0.01334639403527237,0.049460060253227224,0.02544072517916731
1112.147780722409,0.01334096943718886,0.049444521830231306,0.025431913499116443
1112.3312429099249,0.01333554738280438,0.04942898762258963,0.02542310492259566
1112.514705097441,0.013330127870066303,0.04941345762958972,0.025414299448001137
1112.698167284957,0.013324710896925166,0.049397931850518474,0.025405497073730954
1112.8816294724732,0.01331929646133465,0.0493824102846623,0.025396697798185125
1113.0650916599893,0.013313884561251607,0.04936689293130707,0.025387901619765584
1113.2485538475053,0.013308475194636026,0.04935137978973808,0.02537910853687616
1113.4320160350212,0.013303068359451012,0.049335870859240134,0.02537031854792258
1113.6154782225374,0.01329766405366282,0.04932036613909746,0.025361531651312504
1113.7989404100535,0.013292262275240847,0.04930486562859378,0.02535274784545547
1113.9824025975695,0.013286863022157567,0.049289369327012264,0.02534396712876292
1114.1658647850857,0.013281466292388595,0.04927387723363558,0.025335189499648164
1114.3493269726018,0.013276072083912651,0.049258389347745825,0.02532641495652646
1114.5327891601178,0.013270680394711559,0.04924290566862457,0.02531764349781488
1114.7162513476337,0.013265291222770223,0.04922742619555291,0.025308875121932427
1114.8997135351499,0.013259904566076642,0.04921195092781139,0.025300109827299976
1115.083175722666,0.013254520422621905,0.04919647986468,0.025291347612340254
1115.266637910182,0.013249138790400166,0.04918101300543826,0.02528258847547789
1115.4501000976982,0.013243759667408667,0.04916555034936513,0.025273832415139356
1115.633562285214,0.013238383051647701,0.04915009189573906,0.025265079429753014
1115.8170244727303,0.013233008941120627,0.049134637643838006,0.02525632951774905
1116.0004866602462,0.013227637333833845,0.04911918759293936,0.025247582677559537
1116.1839488477624,0.0132222682277968,0.049103741742320045,0.0252388389076184
1116.3674110352786,0.013216901621022006,0.04908830009125645,0.0252300982063614
1116.5508732227945,0.013211537511524988,0.04907286263902448,0.02522136057222617
1116.7343354103107,0.013206175897324294,0.04905742938489947,0.02521262600365215
1116.9177975978266,0.013200816776441521,0.049042000328156324,0.02520389449908066
1117.1012597853428,0.013195460146901265,0.04902657546806938,0.02519516605695483
1117.2847219728587,0.01319010600673114,0.04901115480391249,0.02518644067571965
1117.468184160375,0.01318475435396176,0.04899573833495902,0.02517771835382191
1117.6516463478908,0.013179405186626747,0.048980326060481826,0.025168999089710247
1117.835108535407,0.013174058502762704,0.048964917979753234,0.02516028288183511
1118.018570722923,0.013168714300409234,0.048949514092045086,0.025151569728648772
1118.2020329104391,0.013163372577608929,0.04893411439662874,0.025142859628605334
1118.3854950979553,0.013158033332407332,0.04891871889277505,0.025134152580160697
1118.5689572854712,0.013152696562852973,0.04890332757975437,0.025125448581772562
1118.7524194729874,0.013147362266997356,0.04888794045683659,0.025116747631900478
1118.9358816605034,0.013142030442894923,0.04887255752329105,0.025108049729005745
1119.1193438480195,0.013136701088603089,0.048857178778386676,0.02509935487155151
1119.3028060355355,0.013131374202182208,0.04884180422139181,0.025090663058002678
1119.4862682230516,0.013126049781695565,0.048826433851574404,0.02508197428682597
1119.6697304105678,0.0131207278252094,0.048811067668201855,0.0250732885564899
1119.8531925980838,0.013115408330792857,0.048795705670541104,0.025064605865464735
1120.0366547856,0.013110091296518054,0.04878034785785862,0.025055926212222586
1120.2201169731159,0.013104776720459973,0.04876499422942035,0.02504724959523728
1120.403579160632,0.013099464600696544,0.0487496447844918,0.02503857601298446
1120.587041348148,0.013094154935308596,0.04873429952233797,0.025029905463941536
1120.7705035356641,0.013088847722379846,0.04871895844222344,0.02502123794658769
1120.95396572318,0.013083542959996924,0.048703621543412214,0.025012573459403848
1121.1374279106963,0.013078240646249356,0.048688288825167896,0.025003912000872725
1121.3208900982124,0.013072940779229528,0.048672960286753615,0.0249952535694788
1121.5043522857284,0.013067643357032721,0.04865763592743199,0.024986598163708275
1121.6878144732445,0.013062348377757105,0.048642315746465194,0.024977945782049146
1121.8712766607605,0.013057055839503695,0.04862699974311495,0.024969296422991148
1122.0547388482767,0.013051765740376375,0.04861168791664245,0.024960650085025744
1122.2382010357926,0.013046478078481893,0.04859638026630851,0.024952006766646165
1122.4216632233088,0.013041192851929834,0.04858107679137342,0.024943366466347372
1122.6051254108247,0.013035910058832645,0.04856577749109702,0.024934729182626066
1122.7885875983409,0.0130306296973056,0.04855048236473868,0.02492609491398068
1122.9720497858568,0.013025351765466833,0.048535191411557335,0.02491746365891139
1123.155511973373,0.01302007626143727,0.04851990463081142,0.024908835415920073
1123.3389741608892,0.013014803183340687,0.04850462202175897,0.02490021018351036
1123.522436348405,0.01300953252930367,0.04848934358365751,0.024891587960187592
1123.7058985359213,0.013004264297455622,0.04847406931576413,0.02488296874445883
1123.8893607234372,0.012998998485928757,0.04845879921733549,0.02487435253483285
1124.0728229109534,0.01299373509285807,0.04844353328762776,0.024865739329820134
1124.2562850984693,0.012988474116381382,0.04842827152589667,0.024857129127932885
1124.4397472859855,0.012983215554639282,0.04841301393139753,0.024848521927685004
1124.6232094735017,0.012977959405775166,0.048397760503385165,0.024839917727592108
1124.8066716610176,0.0129727056679352,0.04838251124111397,0.024831316526171494
1124.9901338485338,0.012967454339268308,0.04836726614383789,0.024822718321942168
1125.1735960360497,0.012962205417926208,0.04835202521081044,0.02481412311342482
1125.357058223566,0.012956958902063368,0.04833678844128468,0.024805530899141837
1125.5405204110818,0.012951714789837027,0.048321555834513225,0.024796941677617302
1125.723982598598,0.01294647307940717,0.04830632738974826,0.02478835544737697
1125.9074447861142,0.01294123376893653,0.04829110310624154,0.024779772206948276
1126.0909069736301,0.012935996856590573,0.048275882983244346,0.024771191954860338
1126.274369161146,0.012930762340537527,0.04826066702000757,0.024762614689643945
1126.4578313486622,0.012925530218948331,0.04824545521578165,0.02475404040983157
1126.6412935361784,0.012920300489996655,0.048230247569816566,0.02474546911395733
1126.8247557236944,0.012915073151858891,0.04821504408136193,0.024736900800557033
1127.0082179112105,0.012909848202714158,0.048199844749666855,0.02472833546816814
1127.1916800987265,0.012904625640744277,0.04818464957398007,0.024719773115329767
1127.3751422862426,0.012899405464133772,0.04816945855354986,0.024711213740582695
1127.5586044737586,0.012894187671069864,0.04815427168762406,0.02470265734246934
1127.7420666612747,0.012888972259742481,0.048139088975450134,0.024694103919533795
1127.925528848791,0.012883759228344244,0.0481239104162751,0.024685553470321787
1128.1089910363069,0.01287854857507044,0.04810873600934553,0.024677005993380685
1128.2924532238228,0.012873340298119044,0.048093565753907615,0.024668461487259503
1128.475915411339,0.012868134395690702,0.048078399649207064,0.024659919950508875
1128.6593775988551,0.012862930865988748,0.04806323769448924,0.024651381381681096
1128.842839786371,0.012857729707219162,0.048048079888999055,0.024642845779330104
1129.0263019738873,0.012852530917590577,0.048032926231981014,0.024634313142011418
1129.2097641614034,0.0128473344953143,0.04801777672267921,0.024625783468282238
1129.3932263489194,0.012842140438604271,0.048002631360337285,0.024617256756701338
1129.5766885364353,0.012836948745677076,0.04798749014419852,0.02460873300582915
1129.7601507239515,0.012831759414751948,0.04797235307350576,0.02460021221422769
1129.9436129114677,0.012826572444050735,0.047957220147501436,0.024591694380460622
1130.1270750989836,0.012821387831797934,0.0479420913654276,0.024583179503093196
1130.3105372864998,0.012816205576220648,0.04792696672652587,0.024574667580692287
1130.493999474016,0.012811025675548602,0.047911846230037476,0.024566158611826358
1130.6774616615319,0.012805848128014139,0.047896729875203214,0.024557652595065493
1130.8609238490478,0.012800672931852209,0.04788161766126352,0.024549149528981365
1131.044386036564,0.012795500085300362,0.04786650958745842,0.02454064941214725
1131.2278482240802,0.012790329586598741,0.0478514056530275,0.024532152243138004
1131.411310411596,0.012785161433990097,0.04783630585720998,0.024523658020530092
1131.594772599112,0.012779995625719739,0.04782121019924469,0.024515166742901547
1131.7782347866282,0.012774832160035587,0.04780611867837006,0.02450667840883201
1131.9616969741444,0.012769671035188132,0.04779103129382411,0.024498193016902686
1132.1451591616603,0.012764512249430426,0.04777594804484446,0.02448971056569636
1132.3286213491765,0.012759355801018099,0.04776086893066836,0.024481231053797403
1132.5120835366927,0.01275420168820934,0.04774579395053266,0.024472754479791754
1132.6955457242086,0.01274904990926489,0.04773072310367382,0.02446428084226691
1132.8790079117246,0.012743900462448051,0.047715656389327905,0.024455810139811962
1133.0624700992407,0.012738753346024681,0.047700593806730605,0.024447342371017554
1133.245932286757,0.012733608558263151,0.04768553535511722,0.02443887753447587
1133.4293944742728,0.012728466097434402,0.04767048103372265,0.024430415628780695
1133.6128566617888,0.012723325961811874,0.047655430841781435,0.024421956652527325
1133.796318849305,0.012718188149671567,0.04764038477852773,0.02441350060431264
1133.9797810368211,0.012713052659291995,0.047625342843195285,0.024405047482735077
1134.163243224337,0.012707919488954176,0.04761030503501749,0.024396597286394574
1134.3467054118532,0.012702788636941659,0.047595271353227345,0.024388150013892666
1134.5301675993694,0.012697660101540487,0.047580241797057485,0.0243797056638324
1134.7136297868853,0.012692533881039216,0.04756521636574017,0.02437126423481838
1134.8970919744013,0.012687409973728896,0.04755019505850728,0.024362825725456727
1135.0805541619175,0.012682288377903075,0.0475351778745903,0.02435439013435511
1135.2640163494336,0.012677169091857784,0.047520164813220384,0.02434595746012272
1135.4474785369496,0.012672052113891533,0.04750515587362828,0.024337527701370276
1135.6309407244657,0.012666937442305331,0.04749015105504438,0.024329100856710036
1135.8144029119817,0.012661825075402647,0.047475150356698706,0.024320676924755764
1135.9978650994979,0.012656715011489416,0.0474601537778209,0.024312255904122743
1136.1813272870138,0.012651607248874045,0.047445161317640275,0.024303837793427784
1136.36478947453,0.012646501785867407,0.04743017297538572,0.02429542259128921
1136.5482516620461,0.012641398620782816,0.04741518875028583,0.024287010296326843
1136.731713849562,0.012636297751936037,0.04740020864156876,0.024278600907162017
1136.915176037078,0.012631199177645297,0.04738523264846238,0.024270194422417592
1137.0986382245942,0.012626102896231265,0.04737026077019412,0.024261790840717903
1137.2821004121104,0.01262100890601702,0.04735529300599113,0.024253390160688806
1137.4655625996263,0.012615917205328087,0.04734032935508014,0.024244992380957637
1137.6490247871425,0.012610827792492427,0.04732536981668758,0.024236597500153244
1137.8324869746587,0.012605740665840406,0.04731041439003946,0.024228205516905944
1138.0159491621746,0.012600655823704834,0.04729546307436149,0.024219816429847576
1138.1994113496905,0.012595573264420904,0.04728051586887899,0.024211430237611433
1138.3828735372067,0.012590492986326224,0.04726557277281694,0.024203046938832302
1138.5663357247229,0.012585414987760826,0.04725063378539998,0.024194666532146462
1138.7497979122388,0.01258033926706712,0.047235698905852386,0.024186289016191662
1138.9332600997548,0.012575265822589912,0.04722076813339809,0.02417791438960712
1139.116722287271,0.012570194652676406,0.04720584146726067,0.024169542651033542
1139.300184474787,0.012565125755676185,0.047190918906663375,0.024161173799113086
1139.483646662303,0.01256005912994122,0.047176000450829085,0.024152807832489395
1139.6671088498192,0.01255499477382585,0.04716108609898037,0.02414444474980757
1139.8505710373354,0.012549932685686774,0.04714617585033942,0.024136084549714176
1140.0340332248513,0.012544872863883085,0.04713126970412811,0.02412772723085723
1140.2174954123673,0.012539815306776222,0.04711636765956796,0.024119372791886216
1140.4009575998834,0.01253476001272998,0.047101469715880154,0.02411102123145207
1140.5844197873996,0.012529706980110508,0.04708657587228553,0.02410267254820716
1140.7678819749156,0.012524656207286305,0.047071686128004595,0.02409432674080533
1140.9513441624317,0.012519607692628217,0.047056800482257535,0.024085983807901865
1141.1348063499477,0.012514561434509422,0.04704191893426419,0.024077643748153483
1141.3182685374638,0.012509517431305437,0.04702704148324405,0.024069306560218346
1141.5017307249798,0.012504475681394109,0.047012168128416285,0.02406097224275606
1141.685192912496,0.012499436183155618,0.04699729886899973,0.02405264079442767
1141.8686551000121,0.01249439893497244,0.04698243370421292,0.024044312213895642
1142.052117287528,0.0124893639352294,0.046967572633274036,0.02403598649982388
1142.235579475044,0.012484331182313619,0.04695271565540089,0.024027663650877704
1142.4190416625602,0.012479300674614514,0.04693786276981105,0.024019343665723888
1142.6025038500763,0.012474272410523835,0.04692301397572169,0.024011026543030604
1142.7859660375923,0.012469246388435603,0.046908169272349684,0.024002712281467442
1142.9694282251085,0.012464222606746147,0.0468933286589116,0.023994400879705426
1143.1528904126246,0.012459201063854088,0.04687849213462367,0.023986092336417
1143.3363526001406,0.01245418175816032,0.04686365969870178,0.02397778665027598
1143.5198147876565,0.012449164688068025,0.04684883135036153,0.023969483819957636
1143.7032769751727,0.012444149851982667,0.046834007088818186,0.023961183844138634
1143.8867391626889,0.012439137248311982,0.046819186913286716,0.023952886721497046
1144.0702013502048,0.012434126875465959,0.04680437082298173,0.023944592450712315
1144.253663537721,0.01242911873185687,0.046789558817117535,0.023936301030465325
1144.437125725237,0.01242411281589923,0.04677475089490815,0.02392801245943834
1144.620587912753,0.012419109126009822,0.046759947055567255,0.023919726736315015
1144.804050100269,0.012414107660607672,0.04674514729830824,0.023911443859780408
1144.9875122877852,0.012409108418114049,0.046730351622344166,0.02390316382852096
1145.1709744753014,0.012404111396952477,0.04671556002688779,0.023894886641224487
1145.3544366628173,0.012399116595548692,0.046700772511151525,0.023886612296580213
1145.5378988503335,0.012394124012330695,0.04668598907434755,0.02387834079327873
1145.7213610378494,0.012389133645728696,0.04667120971568767,0.023870072130012018
1145.9048232253656,0.01238414549417513,0.0466564344343834,0.023861806305473417
1146.0882854128815,0.012379159556104666,0.04664166322964598,0.02385354331835766
1146.2717476003977,0.012374175829954166,0.04662689610068631,0.02384528316736084
1146.4552097879136,0.012369194314162722,0.04661213304671501,0.02383702585118043
1146.6386719754298,0.01236421500717163,0.046597374066942386,0.02382877136851526
1146.8221341629458,0.012359237907424386,0.04658261916057847,0.02382051971806554
1147.005596350462,0.012354263013366677,0.04656786832683294,0.023812270898532814
1147.189058537978,0.012349290323446404,0.046553121564915215,0.023804024908620006
1147.372520725494,0.012344319836113646,0.04653837887403438,0.0237957817470314
1147.5559829130102,0.012339351549820668,0.0465236402533993,0.023787541412472624
1147.7394451005262,0.012334385463021917,0.04650890570221848,0.02377930390365067
1147.9229072880423,0.012329421574174017,0.04649417521970015,0.023771069219273865
1148.1063694755583,0.012324459881735776,0.04647944880505224,0.023762837358051896
1148.2898316630744,0.012319500384168156,0.04646472645748238,0.02375460831869578
1148.4732938505906,0.012314543079934293,0.04645000817619793,0.023746382099917904
1148.6567560381066,0.012309587967499484,0.04643529396040597,0.023738158700431965
1148.8402182256227,0.012304635045331181,0.046420583809313236,0.023729938118953013
1149.0236804131387,0.012299684311898982,0.046405877722126225,0.02372172035419742
1149.2071426006548,0.012294735765674653,0.046391175698051144,0.02371350540488292
1149.3906047881708,0.012289789405132073,0.04637647773629389,0.023705293269728547
1149.574066975687,0.012284845228747291,0.046361783836060086,0.02369708394745467
1149.757529163203,0.012279903234998488,0.04634709399655507,0.023688877436783003
1149.940991350719,0.012274963422365955,0.04633240821698392,0.023680673736436557
1150.1244535382352,0.012270025789332131,0.0463177264965514,0.02367247284513968
1150.3079157257512,0.012265090334381576,0.046303048834462006,0.023664274761618035
1150.4913779132673,0.01226015705600096,0.04628837522991996,0.023656079484598597
1150.6748401007833,0.012255225952679081,0.04627370568212918,0.023647887012809652
1150.8583022882995,0.012250297022906843,0.04625904019029335,0.023639697344980816
1151.0417644758154,0.012245370265177257,0.04624437875361583,0.023631510479842997
1151.2252266633316,0.012240445677985438,0.046229721371299735,0.023623326416128403
1151.4086888508475,0.012235523259828593,0.0462150680425479,0.02361514515257056
1151.5921510383637,0.01223060300920604,0.04620041876656289,0.023606966687904306
1151.7756132258796,0.012225684924619175,0.04618577354254698,0.023598791020865754
1151.9590754133958,0.012220769004571487,0.04617113236970217,0.02359061815019232
1152.142537600912,0.012215855247568548,0.04615649524723023,0.023582448074622734
1152.325999788428,0.01221094365211801,0.04614186217433261,0.023574280792897
1152.509461975944,0.012206034216729594,0.04612723315021052,0.023566116303756407
1152.69292416346,0.012201126939915095,0.04611260817406491,0.023557954605943555
1152.8763863509762,0.012196221820188381,0.04609798724509642,0.023549795698202303
1153.0598485384921,0.012191318856065374,0.04608337036250549,0.02354163957927782
1153.2433107260083,0.012186418046064067,0.04606875752549225,0.023533486247916544
1153.4267729135245,0.012181519388704497,0.04605414873325656,0.02352533570286618
1153.6102351010404,0.012176622882508762,0.04603954398499804,0.02351718794287572
1153.7936972885566,0.012171728526000994,0.046024943279916054,0.02350904296669544
1153.9771594760725,0.01216683631770738,0.04601034661720967,0.023500900773076865
1154.1606216635887,0.01216194625615614,0.04599575399607775,0.02349276136077281
1154.3440838511046,0.012157058339877541,0.04598116541571883,0.023484624728537355
1154.5275460386208,0.012152172567403866,0.04596658087533125,0.02347649087512582
1154.711008226137,0.012147288937269438,0.04595200037411305,0.023468359799294826
1154.894470413653,0.012142407448010598,0.04593742391126205,0.023460231499802232
1155.0779326011689,0.012137528098165708,0.04592285148597578,0.023452105975407152
1155.261394788685,0.012132650886275147,0.04590828309745153,0.023443983224869958
1155.4448569762012,0.012127775810881303,0.04589371874488633,0.023435863246952293
1155.6283191637172,0.012122902870528576,0.045879158427477,0.023427746040417027
1155.8117813512333,0.01211803206376337,0.04586460214442005,0.023419631604028296
1155.9952435387493,0.01211316338913409,0.045850049894911774,0.023411519936551474
1156.1787057262654,0.012108296845191133,0.04583550167814821,0.023403411036753186
1156.3621679137814,0.0121034324304869,0.04582095749332514,0.023395304903401293
1156.5456301012975,0.012098570143575769,0.045806417339638125,0.02338720153526491
1156.7290922888137,0.012093709983014112,0.04579188121628243,0.023379100931114366
1156.9125544763297,0.01208885194736027,0.045777349122453126,0.02337100308972125
1157.0960166638456,0.01208399603517458,0.04576282105734501,0.023362908009858362
1157.2794788513618,0.01207914224501934,0.04574829702015266,0.02335481569029976
1157.462941038878,0.012074290575458823,0.04573377701007038,0.0233467261298207
1157.6464032263939,0.012069441025059259,0.04571926102629223,0.023338639327197694
1157.82986541391,0.012064593592388862,0.04570474906801207,0.023330555281208455
1158.0133276014262,0.012059748276017782,0.045690241134423486,0.023322473990631937
1158.1967897889422,0.012054905074518136,0.045675737224719855,0.023314395454248304
1158.380251976458,0.01205006398646399,0.04566123733809427,0.02330631967083894
1158.5637141639743,0.01204522501043136,0.045646741473739635,0.023298246639186452
1158.7471763514905,0.012040388144998195,0.045632249630848595,0.023290176358074642
1158.9306385390064,0.0120355533887444,0.04561776180861357,0.023282108826288554
1159.1141007265226,0.012030720740251804,0.045603278006226704,0.023274044042614406
1159.2975629140387,0.012025890198104178,0.04558879822287999,0.02326598200583965
1159.4810251015547,0.012021061760887212,0.04557432245776512,0.02325792271475294
1159.6644872890706,0.012016235427188528,0.04555985071007356,0.02324986616814411
1159.8479494765868,0.012011411195597666,0.04554538297899659,0.023241812364804236
1160.031411664103,0.012006589064706091,0.045530919263725204,0.023233761303525547
1160.214873851619,0.012001769033107176,0.04551645956345022,0.023225712983101502
1160.3983360391348,0.011996951099396198,0.04550200387736218,0.023217667402326735
1160.581798226651,0.011992135262170358,0.045487552204651435,0.023209624559997085
1160.7652604141672,0.011987321520028743,0.045473104544508106,0.023201584454909586
1160.9487226016831,0.011982509871572353,0.04545866089612207,0.02319354708586243
1161.1321847891993,0.01197770031540407,0.045444221258682985,0.02318551245165503
1161.3156469767155,0.01197289285012868,0.045429785631380296,0.023177480551087953
1161.4991091642314,0.011968087474352856,0.045415354013403235,0.02316945138296298
1161.6825713517474,0.011963284186685153,0.04540092640394079,0.023161424946083052
1161.8660335392635,0.01195848298573601,0.04538650280218172,0.023153401239252278
1162.0494957267797,0.01195368387011774,0.045372083207314604,0.023145380261275973
1162.2329579142956,0.011948886838444528,0.04535766761852777,0.02313736201096058
1162.4164201018116,0.01194409188933244,0.04534325603500934,0.023129346487113765
1162.5998822893278,0.0119392990213994,0.04532884845594723,0.023121333688544323
1162.783344476844,0.011934508233265204,0.04531444488052911,0.02311332361406224
1162.9668066643599,0.011929719523551494,0.045300045307942474,0.023105316262478658
1163.150268851876,0.011924932890881788,0.04528564973737455,0.023097311632605876
1163.3337310393922,0.01192014833388144,0.045271258168012404,0.023089309723257366
1163.5171932269081,0.011915365851177653,0.04525687059904286,0.023081310533247742
1163.700655414424,0.011910585441399484,0.04524248702965254,0.023073314061392798
1163.8841176019403,0.011905807103177839,0.04522810745902785,0.02306532030650946
1164.0675797894564,0.011901030835145444,0.04521373188635501,0.02305732926741583
1164.2510419769724,0.011896256635936872,0.04519936031081998,0.023049340942931134
1164.4345041644885,0.011891484504188522,0.04518499273160855,0.02304135533187575
1164.6179663520047,0.011886714438538632,0.04517062914790632,0.023033372433071245
1164.8014285395207,0.01188194643762725,0.04515626955889864,0.023025392245340268
1164.9848907270366,0.011877180500096259,0.04514191396377068,0.02301741476750666
1165.1683529145528,0.011872416624589347,0.04512756236170738,0.02300943999839536
1165.351815102069,0.011867654809752026,0.045113214751893525,0.02300146793683249
1165.5352772895849,0.011862895054231609,0.04509887113351366,0.02299349858164528
1165.7187394771008,0.011858137356677229,0.04508453150575212,0.022985531931662098
1165.902201664617,0.011853381715739807,0.04507019586779305,0.02297756798571244
1166.0856638521332,0.011848628130072085,0.04505586421882044,0.022969606742626957
1166.269126039649,0.01184387659832858,0.04504153655801798,0.02296164820123739
1166.4525882271653,0.011839127119165616,0.04502721288456926,0.02295369236037664
1166.6360504146814,0.01183437969124131,0.045012893197657604,0.02294573921887871
1166.8195126021974,0.011829634313215546,0.044998577496466206,0.022937788775578748
1167.0029747897133,0.011824890983750015,0.044984265780178,0.022929841029312996
1167.1864369772295,0.011820149701508171,0.04496995804797575,0.022921895978918836
1167.3698991647457,0.011815410465155255,0.04495565429904204,0.02291395362323475
1167.5533613522616,0.011810673273358274,0.04494135453255922,0.022906013961100345
1167.7368235397776,0.011805938124786013,0.044927058747709504,0.022898076991356334
1167.9202857272937,0.011801205018109013,0.04491276694367487,0.02289014271284456
1168.10374791481,0.011796473951999585,0.04489847911963711,0.022882211124407935
1168.2872101023258,0.011791744925131794,0.04488419527477784,0.022874282224890522
1168.470672289842,0.011787017936181466,0.04486991540827847,0.022866356013137447
1168.6541344773582,0.011782292983826183,0.04485563951932024,0.022858432487994972
1168.8375966648741,0.011777570066745267,0.044841367607084216,0.022850511648310458
1169.02105885239,0.011772849183619788,0.044827099670751214,0.022842593492932328
1169.2045210399062,0.011768130333132567,0.04481283570950194,0.022834678020710146
1169.3879832274224,0.011763413513968157,0.044798575722516845,0.02282676523049454
1169.5714454149384,0.011758698724812843,0.044784319708976256,0.02281885512113725
1169.7549076024545,0.011753985964354662,0.044770067668060284,0.022810947691491106
1169.9383697899707,0.011749275231283364,0.04475581959894887,0.02280304294041001
1170.1218319774866,0.011744566524290425,0.04474157550082176,0.022795140866748973
1170.3052941650026,0.011739859842069048,0.0447273353728585,0.022787241469364068
1170.4887563525187,0.011735155183314158,0.04471309921423853,0.02277934474711248
1170.672218540035,0.011730452546722397,0.04469886702414101,0.022771450698852443
1170.8556807275509,0.011725751930992113,0.044684638801745016,0.022763559323443306
1171.0391429150668,0.011721053334823374,0.04467041454622937,0.022755670619745465
1171.222605102583,0.011716356756917944,0.044656194256772766,0.022747784586620405
1171.4060672900991,0.011711662195979296,0.04464197793255371,0.022739901222930684
1171.589529477615,0.011706969650712601,0.044627765572750513,0.022732020527539934
1171.7729916651313,0.011702279119824733,0.04461355717654132,0.02272414249931285
1171.9564538526474,0.011697590602024254,0.04459935274310412,0.022716267137115203
1172.1399160401634,0.011692904096021419,0.04458515227161671,0.022708394439813828
1172.3233782276793,0.011688219600528162,0.044570955761256706,0.022700524406276616
1172.5068404151955,0.011683537114258114,0.0445567632112016,0.022692657035372533
1172.6903026027117,0.011678856635926577,0.04454257462062864,0.0226847923259716
1172.8737647902276,0.01167417816425054,0.044528389988714966,0.022676930276944902
1173.0572269777438,0.011669501697948656,0.04451420931463752,0.022669070887164567
1173.2406891652597,0.011664827235741252,0.04450003259757309,0.022661214155503793
1173.4241513527759,0.011660154776350332,0.04448585983669829,0.022653360080836828
1173.6076135402918,0.011655484318499556,0.044471691031189545,0.02264550866203897
1173.791075727808,0.011650815860914238,0.044457526180223146,0.022637659897986558
1173.9745379153242,0.011646149402321369,0.0444433652829752,0.022629813787556987
1174.15800010284,0.011641484941449592,0.04442920833862166,0.02262197032962871
1174.3414622903563,0.011636822477029189,0.044415055346338314,0.0226141295230812
1174.5249244778722,0.011632162007792098,0.04440090630530079,0.02260629136679499
1174.7083866653884,0.011627503532471908,0.04438676121468455,0.02259845585965165
1174.8918488529046,0.011622847049803845,0.04437262007366486,0.022590623000533765
1175.0753110404205,0.011618192558524785,0.04435848288141688,0.022582792788325
1175.2587732279367,0.01161354005737322,0.044344349637115595,0.022574965221910024
1175.4422354154526,0.011608889545089294,0.044330220339935805,0.022567140300174558
1175.6256976029686,0.011604241020414774,0.04431609498905216,0.022559318022005316
1175.8091597904847,0.011599594482093061,0.044301973583639215,0.022551498386290107
1175.9926219780007,0.011594949928869166,0.04428785612287125,0.022543681391917703
1176.1760841655168,0.011590307359489732,0.04427374260592249,0.022535867037777928
1176.359546353033,0.011585666772703025,0.04425963303196696,0.02252805532276166
1176.543008540549,0.011581028167258908,0.044245527400178536,0.022520246245760735
1176.7264707280651,0.011576391541908882,0.044231425709730945,0.022512439805668062
1176.9099329155813,0.011571756895406033,0.044217327959797756,0.022504636001377563
1177.0933951030972,0.011567124226505061,0.04420323414955239,0.022496834831784142
1177.2768572906134,0.011562493533962274,0.044189144278168106,0.02248903629578376
1177.4603194781296,0.011557864816535571,0.04417505834481803,0.022481240392273366
1177.6437816656453,0.01155323807298446,0.04416097634867513,0.022473447120150935
1177.8272438531615,0.011548613302070028,0.044146898288912224,0.022465656478315443
1178.0107060406776,0.011543990502554956,0.04413282416470196,0.022457868465666865
1178.1941682281936,0.01153936967320353,0.04411875397521689,0.022450083081106215
1178.3776304157097,0.011534750812781594,0.04410468771962937,0.022442300323535475
1178.5610926032257,0.011530133920056595,0.04409062539711161,0.022434520191857647
1178.7445547907419,0.011525518993797543,0.04407656700683572,0.02242674268497674
1178.928016978258,0.01152090603277503,0.0440625125479736,0.02241896780179774
1179.111479165774,0.011516295035761232,0.04404846201969708,0.022411195541226663
1179.2949413532901,0.011511686001529875,0.04403441542117778,0.022403425902170492
1179.4784035408063,0.011507078928856267,0.04402037275158722,0.02239565888353722
1179.661865728322,0.011502473816517266,0.044006334010096744,0.02238789448423583
1179.8453279158382,0.011497870663291308,0.043992299195877584,0.022380132703176285
1180.0287901033544,0.011493269467958376,0.04397826830810082,0.02237237353926956
1180.2122522908703,0.011488670229300006,0.043964241345937384,0.022364616991427593
1180.3957144783865,0.011484072946099284,0.043950218308558095,0.02235686305856332
1180.5791766659024,0.011479477617140858,0.0439361991951336,0.022349111739590657
1180.7626388534186,0.011474884241210914,0.04392218400483445,0.022341363033424513
1180.9461010409348,0.011470292817097182,0.043908172736830994,0.022333616938980762
1181.1295632284507,0.011465703343588925,0.043894165390293505,0.02232587345517625
1181.3130254159669,0.011461115819476954,0.04388016196439208,0.02231813258092883
1181.496487603483,0.011456530243553614,0.04386616245829674,0.02231039431515732
1181.6799497909988,0.011451946614612778,0.04385216687117731,0.022302658656781493
1181.863411978515,0.011447364931449839,0.04383817520220349,0.022294925604722102
1182.046874166031,0.011442785192861732,0.04382418745054487,0.02228719515790088
1182.230336353547,0.011438207397646904,0.043810203615370906,0.022279467315240525
1182.4137985410632,0.011433631544605331,0.043796223695850914,0.0222717420756647
1182.5972607285794,0.011429057632538497,0.04378224769115406,0.02226401943809803
1182.7807229160953,0.0114244856602494,0.04376827560044942,0.02225629940146611
1182.9641851036115,0.011419915626542562,0.04375430742290591,0.022248581964695497
1183.1476472911274,0.011415347530224,0.04374034315769235,0.0222408671267137
1183.3311094786436,0.011410781370101234,0.04372638280397738,0.022233154886449186
1183.5145716661598,0.011406217144983306,0.04371242636092956,0.022225445242831397
1183.6980338536755,0.01140165485368074,0.0436984738277173,0.022217738194790712
1183.8814960411917,0.01139709449500556,0.04368452520350888,0.022210033741258465
1184.0649582287078,0.011392536067771299,0.04367058048747248,0.02220233188116695
1184.2484204162238,0.01138797957079296,0.043656639678776143,0.02219463261344941
1184.43188260374,0.011383425002887049,0.04364270277658778,0.022186935937040037
1184.6153447912561,0.011378872362871552,0.04362876978007518,0.022179241850873964
1184.798806978772,0.011374321649565942,0.043614840688406036,0.022171550353887272
1184.9822691662882,0.01136977286179117,0.04360091550074787,0.02216386144501698
1185.1657313538042,0.011365225998369657,0.04358699421626813,0.02215617512320107
1185.3491935413203,0.011360681058125318,0.043573076834134125,0.022148491387378448
1185.5326557288365,0.011356138039883522,0.04355916335351302,0.02214081023648895
1185.7161179163525,0.011351596942471117,0.043545253773571914,0.022133131669473373
1185.8995801038686,0.011347057764716412,0.04353134809347774,0.022125455685273434
1186.0830422913846,0.01134252050544918,0.043517446312397345,0.02211778228283179
1186.2665044789005,0.011337985163500663,0.043503548429497434,0.022110111461092017
1186.4499666664167,0.011333451737703549,0.04348965444394462,0.022102443218998645
1186.6334288539329,0.011328920226891987,0.04347576435490539,0.022094777555497117
1186.8168910414488,0.011324390629901582,0.043461878161546105,0.022087114469533813
1187.000353228965,0.011319862945569387,0.04344799586303301,0.022079453960056023
1187.1838154164811,0.011315337172733895,0.04343411745853226,0.022071796026011982
1187.367277603997,0.01131081331023505,0.043420242947209885,0.022064140666350825
1187.5507397915133,0.011306291356914243,0.043406372328231795,0.022056487880022638
1187.7342019790292,0.011301771311614294,0.04339250560076379,0.022048837665978396
1187.9176641665454,0.011297253173179464,0.04337864276397159,0.02204119002317002
1188.1011263540615,0.01129273694045545,0.04336478381702076,0.022033544950550335
1188.2845885415772,0.011288222612289374,0.04335092875907678,0.022025902447073066
1188.4680507290934,0.011283710187529787,0.043337077589305,0.022018262511692865
1188.6515129166096,0.011279199665026676,0.043323230306870686,0.022010625143365308
1188.8349751041255,0.011274691043631433,0.04330938691093898,0.022002990341046864
1189.0184372916417,0.011270184322196886,0.04329554740067494,0.021995358103694913
1189.2018994791579,0.011265679499577273,0.04328171177524348,0.021987728430267747
1189.3853616666738,0.011261176574628252,0.043267880033809464,0.021980101319724575
1189.56882385419,0.011256675546206884,0.04325405217553757,0.021972476771025474
1189.752286041706,0.011252176413171644,0.04324022819959246,0.02196485478313146
1189.935748229222,0.011247679174382422,0.04322640810513863,0.02195723535500444
1190.1192104167383,0.011243183828700497,0.0432125918913405,0.02194961848560721
1190.302672604254,0.011238690374988569,0.04319877955736235,0.021942004173903473
1190.4861347917702,0.011234198812110716,0.04318497110236842,0.02193439241885782
1190.6695969792863,0.011229709138932432,0.04317116652552282,0.021926783219435756
1190.8530591668023,0.011225221354320587,0.04315736582598952,0.021919176574603648
1191.0365213543184,0.011220735457143449,0.04314356900293247,0.02191157248332879
1191.2199835418346,0.011216251446270685,0.04312977605551545,0.021903970944579337
1191.4034457293506,0.01121176932057333,0.043115986982902185,0.021896371957324363
1191.5869079168667,0.011207289078923816,0.04310220178425629,0.021888775520533792
1191.770370104383,0.011202810720195947,0.043088420458741256,0.02188118163317846
1191.9538322918988,0.01119833424326491,0.0430746430055205,0.021873590294230083
1192.137294479415,0.011193859647007271,0.043060869423757336,0.02186600150266125
1192.3207566669307,0.011189386930300964,0.04304709971261501,0.02185841525744544
1192.504218854447,0.011184916092025292,0.04303333387125662,0.02185083155755701
1192.687681041963,0.011180447131060924,0.04301957189884524,0.021843250401971194
1192.871143229479,0.011175980046289901,0.04300581379454378,0.021835671789664102
1193.0546054169952,0.011171514836595623,0.0429920595575151,0.02182809571961273
1193.2380676045113,0.011167051500862855,0.04297830918692195,0.021820522190794923
1193.4215297920273,0.011162590037977715,0.042964562681927,0.02181295120218943
1193.6049919795435,0.011158130446827674,0.04295082004169281,0.021805382752775836
1193.7884541670596,0.01115367272630156,0.042937081265381885,0.021797816841534635
1193.9719163545756,0.01114921687528955,0.0429233463521566,0.021790253467447153
1194.1553785420917,0.011144762892683163,0.04290961530117923,0.02178269262949559
1194.3388407296075,0.011140310777375274,0.042895888111612025,0.021775134326663028
1194.5223029171236,0.011135860528260091,0.04288216478261708,0.021767578557933397
1194.7057651046398,0.011131412144233166,0.042868445313356464,0.02176002532229149
1194.8892272921557,0.011126965624191392,0.0428547297029921,0.021752474618722976
1195.072689479672,0.011122520967032985,0.04284101795068587,0.021744926446214362
1195.256151667188,0.011118078171657508,0.04282731005559954,0.021737380803753016
1195.439613854704,0.01111363723696584,0.04281360601689481,0.02172983769032718
1195.6230760422202,0.011109198161860198,0.04279990583373328,0.021722297104925924
1195.8065382297364,0.011104760945244126,0.042786209505276465,0.02171475904653919
1195.9900004172523,0.011100325586022482,0.042772517030685825,0.021707223514157773
1196.1734626047685,0.011095892083101442,0.0427588284091227,0.021699690506773305
1196.3569247922846,0.011091460435388511,0.04274514363974839,0.021692160023378277
1196.5403869798006,0.011087030641792495,0.04273146272172406,0.02168463206296602
1196.7238491673165,0.01108260270122353,0.04271778565421084,0.021677106624530713
1196.9073113548325,0.011078176612593048,0.04270411243636975,0.02166958370706739
1197.0907735423486,0.011073752374813796,0.04269044306736176,0.021662063309571912
1197.2742357298648,0.011069329986799818,0.042676777546347716,0.02165454543104099
1197.4576979173808,0.011064909447466471,0.04266311587248843,0.021647030070472174
1197.641160104897,0.011060490755730411,0.04264945804494461,0.02163951722686385
1197.824622292413,0.011056073910509586,0.042635804062876904,0.021632006899215257
1198.008084479929,0.011051658910723246,0.04262215392544586,0.021624499086526448
1198.1915466674452,0.011047245755291929,0.04260850763181198,0.021616993787798317
1198.3750088549614,0.011042834443137464,0.042594865181135665,0.021609491002032594
1198.5584710424773,0.011038424973182973,0.04258122657257724,0.021601990728231848
1198.7419332299935,0.011034017344352862,0.04256759180529699,0.02159449296539947
1198.9253954175092,0.011029611555572813,0.04255396087845509,0.021586997712539684
1199.1088576050254,0.011025207605769808,0.04254033379121163,0.02157950496865753
1199.2923197925415,0.011020805493872094,0.04252671054272668,0.021572014732758882
1199.4757819800575,0.011016405218809188,0.04251309113216019,0.021564527003850448
1199.6592441675737,0.011012006779511894,0.04249947555867205,0.02155704178093974
1199.8427063550898,0.011007610174912285,0.042485863821422096,0.02154955906303512
1200.0261685426058,0.011003215403943698,0.04247225591957009,0.021542078849145736
1200.209630730122,0.010998822465540747,0.0424586518522757,0.021534601138281585
1200.3930929176381,0.010994431358639301,0.042445051618698534,0.02152712592945346
1200.576555105154,0.010990042082176492,0.042431455217998154,0.02151965322167298
1200.7600172926702,0.010985654635090715,0.04241786264933402,0.021512183013952586
1200.9434794801864,0.010981269016321623,0.042404273911865555,0.021504715305305525
1201.126941667702,0.010976885224810128,0.0423906890047521,0.021497250094745856
1201.3104038552183,0.01097250325949838,0.042377107927152914,0.021489787381288445
1201.4938660427342,0.010968123119329803,0.04236353067822722,0.021482327163948975
1201.6773282302504,0.010963744803249046,0.042349957257134155,0.021474869441743944
1201.8607904177666,0.010959368310202014,0.04233638766303281,0.021467414213690635
1202.0442526052825,0.010954993639135862,0.0423228218950822,0.02145996147880716
1202.2277147927987,0.010950620788998975,0.042309259952441246,0.02145251123611242
1202.4111769803148,0.010946249758740987,0.04229570183426887,0.021445063484626124
1202.5946391678308,0.010941880547312753,0.04228214753972387,0.02143761822336878
1202.778101355347,0.010937513153666383,0.04226859706796502,0.0214301754513617
1202.9615635428631,0.010933147576755205,0.042255050418151016,0.02142273516762699
1203.1450257303788,0.010928783815533784,0.042241507589440494,0.021415297371187563
1203.328487917895,0.010924421868957906,0.042227968580992065,0.021407862061067127
1203.511950105411,0.010920061735984588,0.04221443339196421,0.021400429236290167
1203.6954122929271,0.010915703415572065,0.0422009020215154,0.02139299889588198
1203.8788744804433,0.0109113469066798,0.042187374468804016,0.021385571038868637
1204.0623366679592,0.010906992208268467,0.04217385073298845,0.021378145664277037
1204.2457988554754,0.01090263931929996,0.04216033081322693,0.021370722771134824
1204.4292610429916,0.010898288238737388,0.04214681470867772,0.021363302358470462
1204.6127232305075,0.010893938965545065,0.04213330241849897,0.02135588442531318
1204.7961854180237,0.010889591498688527,0.042119793941848796,0.021348468970693004
1204.9796476055399,0.010885245837134508,0.04210628927788527,0.021341055993640758
1205.1631097930556,0.010880901979850945,0.04209278842576637,0.02133364549318801
1205.3465719805718,0.010876559925806977,0.042079291384650074,0.02132623746836714
1205.530034168088,0.01087221967397296,0.04206579815369425,0.02131883191821132
1205.7134963556039,0.010867881223320433,0.042052308732056766,0.02131142884175447
1205.89695854312,0.010863544572822133,0.042038823118895376,0.021304028238031295
1206.080420730636,0.010859209721451987,0.04202534131336784,0.021296630106077286
1206.2638829181521,0.010854876668185123,0.04201186331463182,0.021289234444928702
1206.4473451056683,0.010850545411997857,0.04199838912184496,0.02128184125362259
1206.6308072931843,0.01084621595186769,0.04198491873416485,0.021274450531196754
1206.8142694807004,0.010841888286773304,0.041971452150749,0.021267062276689775
1206.9977316682166,0.010837562415694573,0.04195798937075493,0.021259676489141004
1207.1811938557325,0.01083323833761254,0.04194453039334002,0.02125229316759055
1207.3646560432485,0.01082891605150944,0.041931075217661685,0.021244912311079313
1207.5481182307647,0.010824595556368671,0.04191762384287724,0.02123753391864894
1207.7315804182806,0.010820276851174815,0.041904176268144,0.02123015798934185
1207.9150426057968,0.010815959934913622,0.041890732492619154,0.021222784522201218
1208.0985047933127,0.010811644806572018,0.04187729251545993,0.021215413516270994
1208.2819669808289,0.01080733146513808,0.04186385633582348,0.021208044970595884
1208.465429168345,0.010803019909601074,0.04185042395286689,0.021200678884221356
1208.648891355861,0.010798710138951407,0.041836995365747205,0.02119331525619362
1208.8323535433772,0.01079440215218067,0.04182357057362144,0.02118595408555967
1209.0158157308933,0.010790095948281588,0.04181014957564656,0.02117859537136723
1209.1992779184093,0.01078579152624806,0.041796732370979514,0.021171239112664816
1209.3827401059254,0.010781488885075137,0.04178331895877715,0.021163885308501645
1209.5662022934414,0.01077718802375902,0.04176990933819632,0.021156533957927735
1209.7496644809573,0.010772888941297064,0.04175650350839382,0.021149185059993823
1209.9331266684735,0.010768591636687766,0.041743101468526396,0.02114183861375142
1210.1165888559897,0.010764296108930777,0.041729703217750755,0.021134494618252772
1210.3000510435056,0.010760002357026887,0.04171630875522356,0.021127153072550857
1210.4835132310218,0.01075571037997803,0.041702918080101445,0.02111981397569942
1210.6669754185377,0.01075142017678728,0.04168953119154102,0.021112477326752966
1210.850437606054,0.01074713174645885,0.04167614808869883,0.02110514312476671
1211.03389979357,0.010742845087998096,0.04166276877073138,0.02109781136879664
1211.217361981086,0.01073856020041149,0.04164939323679515,0.021090482057899457
1211.4008241686022,0.010734277082706639,0.04163602148604659,0.021083155191132612
1211.5842863561184,0.010729995733892297,0.041622653517642064,0.021075830767554305
1211.767748543634,0.010725716152978333,0.04160928933073798,0.021068508786223464
1211.9512107311502,0.010721438338975736,0.04159592892449063,0.021061189246199756
1212.1346729186664,0.010717162290896632,0.04158257229805632,0.021053872146543577
1212.3181351061824,0.01071288800775426,0.0415692194505913,0.02104655748631607
1212.5015972936985,0.010708615488562978,0.04155587038125179,0.0210392452645791
1212.6850594812145,0.010704344732338267,0.04154252508919398,0.02103193548039527
1212.8685216687306,0.010700075738096716,0.04152918357357403,0.021024628132827912
1213.0519838562468,0.01069580850485603,0.041515845833548067,0.02101732322094109
1213.2354460437627,0.010691543031635024,0.041502511868272154,0.021010020743799575
1213.418908231279,0.010687279317453629,0.04148918167690237,0.0210027207004689
1213.602370418795,0.010683017361332871,0.04147585525859472,0.020995423090015293
1213.7858326063108,0.010678757162294892,0.041462532612505223,0.020988127911505734
1213.969294793827,0.010674498719362924,0.04144921373778981,0.02098083516400789
1214.1527569813431,0.01067024203156132,0.041435898633604425,0.020973544846590184
1214.336219168859,0.010665987097915509,0.04142258729910497,0.02096625695832174
1214.5196813563753,0.01066173391745204,0.0414092797334473,0.02095897149827242
1214.7031435438914,0.010657482489198535,0.04139597593578728,0.020951688465512788
1214.8866057314074,0.01065323281218372,0.041382675905280705,0.020944407859114122
1215.0700679189235,0.010648984885437416,0.041369379641083386,0.020937129678148432
1215.2535301064395,0.010644738707990521,0.041356087142351075,0.02092985392168844
1215.4369922939557,0.010640494278875031,0.041342798408239484,0.020922580588807572
1215.6204544814718,0.010636251597124016,0.04132951343790433,0.02091530967857997
1215.8039166689875,0.010632010661771643,0.0413162322305013,0.020908041190080492
1215.9873788565037,0.010627771471853148,0.041302954785186044,0.02090077512238471
1216.1708410440199,0.010623534026404848,0.04128968110111418,0.020893511474568888
1216.3543032315358,0.01061929832446414,0.04127641117744131,0.020886250245710013
1216.537765419052,0.010615064365069496,0.041263145013323045,0.020878991434885783
1216.7212276065682,0.010610832147260458,0.04124988260791491,0.020871735041174583
1216.904689794084,0.010606601670077643,0.041236623960372434,0.02086448106365552
1217.0881519816003,0.010602372932562734,0.04122336906985114,0.020857229501408392
1217.2716141691162,0.010598145933758478,0.04121011793550651,0.020849980353513712
1217.4550763566324,0.010593920672708701,0.041196870556494014,0.02084273361905268
1217.6385385441486,0.010589697148458279,0.041183626931969086,0.020835489297107206
1217.8220007316643,0.010585475360053147,0.04117038706108716,0.020828247386759896
1218.0054629191804,0.010581255306540315,0.04115715094300364,0.02082100788709406
1218.1889251066966,0.010577036986967834,0.041143918576873884,0.02081377079719369
1218.3723872942126,0.010572820400384821,0.041130689961853276,0.020806536116143484
1218.5558494817287,0.010568605545841436,0.04111746509709715,0.020799303843028825
1218.739311669245,0.010564392422388906,0.04110424398176084,0.02079207397693581
1218.9227738567608,0.0105601810290795,0.041091026614999644,0.02078484651695121
1219.106236044277,0.01055597136496653,0.04107781299596886,0.020777621462162492
1219.2896982317932,0.010551763429104358,0.04106460312382375,0.020770398811657806
1219.4731604193091,0.010547557220548393,0.04105139699771956,0.020763178564526
1219.6566226068253,0.010543352738355084,0.04103819461681153,0.020755960719856605
1219.8400847943412,0.010539149981581912,0.0410249959802549,0.020748745276739845
1220.0235469818574,0.010534948949287413,0.04101180108720487,0.02074153223426662
1220.2070091693734,0.010530749640531144,0.04099860993681663,0.020734321591528524
1220.3904713568893,0.010526552054373705,0.04098542252824534,0.020727113347617822
1220.5739335444055,0.010522356189876734,0.04097223886064617,0.02071990750162747
1220.7573957319216,0.010518162046102886,0.04095905893317427,0.0207127040526511
1220.9408579194376,0.010513969622115852,0.04094588274498477,0.02070550299978304
1221.1243201069537,0.010509778916980348,0.04093271029523282,0.020698304342118272
1221.30778229447,0.010505589929762122,0.040919541583073496,0.020691108078752473
1221.4912444819859,0.010501402659527934,0.0409063766076619,0.020683914208781982
1221.674706669502,0.01049721710534557,0.04089321536815312,0.020676722731303825
1221.858168857018,0.010493033266283845,0.04088005786370224,0.020669533645415704
1222.0416310445341,0.01048885114141258,0.04086690409346431,0.020662346950215987
1222.2250932320503,0.01048467072980262,0.040853754056594395,0.020655162644803726
1222.408555419566,0.010480492030525809,0.04084060775224754,0.020647980728278625
1222.5920176070822,0.010476315042655024,0.04082746517957876,0.02064080119974107
1222.7754797945984,0.01047213976526414,0.0408143263377431,0.020633624058292117
1222.9589419821143,0.010467966197428045,0.04080119122589556,0.020626449303033485
1223.1424041696305,0.01046379433822263,0.04078805984319118,0.020619276933067567
1223.3258663571467,0.010459624186724793,0.04077493218878491,0.020612106947497415
1223.5093285446626,0.010455455742012431,0.040761808261831775,0.020604939345426742
1223.6927907321788,0.010451289003164456,0.040748688061486765,0.02059777412595994
1223.876252919695,0.01044712396926076,0.040735571586904835,0.020590611288202044
1224.0597151072109,0.010442960639382246,0.040722458837240974,0.020583450831258766
1224.243177294727,0.01043879901261081,0.040709349811650156,0.02057629275423648
1224.4266394822428,0.01043463908802934,0.04069624450928734,0.020569137056242196
1224.610101669759,0.010430480864721715,0.040683142929307484,0.020561983736383613
1224.793563857275,0.010426324341772809,0.040670045070865544,0.020554832793769066
1224.977026044791,0.010422169518268486,0.040656950933116456,0.020547684227507558
1225.1604882323072,0.010418016393295587,0.04064386051521518,0.02054053803670873
1225.3439504198234,0.010413864965941948,0.04063077381631665,0.020533394220482903
1225.5274126073393,0.010409715235296381,0.04061769083557582,0.020526252777941033
1225.7108747948555,0.010405567200448693,0.04060461157214763,0.02051911370819474
1225.8943369823717,0.01040142086048965,0.04059153602518699,0.020511977010356276
1226.0777991698876,0.010397276214511008,0.040578464193848834,0.02050484268353855
1226.2612613574038,0.010393133261605509,0.040565396077288124,0.020497710726855144
1226.4447235449195,0.010388992000866844,0.04055233167465978,0.020490581139420254
1226.6281857324357,0.010384852431389703,0.04053927098511874,0.020483453920348747
1226.8116479199518,0.010380714552269733,0.040526214007819944,0.02047632906875612
1226.9951101074678,0.010376578362603545,0.04051316074191832,0.020469206583758524
1227.178572294984,0.010372443861488733,0.040500111186568793,0.02046208646447275
1227.3620344825001,0.010368311048023847,0.040487065340926304,0.020454968710016227
1227.545496670016,0.010364179921308395,0.0404740232041458,0.02044785331950704
1227.7289588575322,0.010360050480442865,0.04046098477538222,0.020440740292063907
1227.9124210450484,0.010355922724528689,0.040447950053790496,0.020433629626806175
1228.0958832325643,0.010351796652668267,0.04043491903852557,0.02042652132285384
1228.2793454200805,0.010347672263964951,0.04042189172874239,0.02041941537932754
1228.4628076075967,0.01034354955752305,0.04040886812359594,0.020412311795348546
1228.6462697951124,0.010339428532447828,0.04039584822224115,0.020405210570038766
1228.8297319826286,0.010335309187845497,0.04038283202383301,0.020398111702520736
1229.0131941701445,0.010331191522823224,0.040369819527526454,0.020391015191917626
1229.1966563576607,0.01032707553648912,0.040356810732476475,0.020383921037353248
1229.3801185451769,0.010322961227952253,0.04034380563783803,0.020376829237952032
1229.5635807326928,0.010318848596322618,0.040330804242766125,0.020369739792839056
1229.747042920209,0.01031473764071117,0.04031780654641575,0.020362652701140013
1229.9305051077251,0.0103106283602298,0.04030481254794191,0.02035556796198124
1230.113967295241,0.010306520753991327,0.040291822246499596,0.02034848557448968
1230.2974294827573,0.010302414821109523,0.040278835641243814,0.020341405537792907
1230.4808916702734,0.010298310560699096,0.04026585273132961,0.02033432785101914
1230.6643538577894,0.010294207971875687,0.04025287351591201,0.02032725251329721
1230.8478160453053,0.010290107053755871,0.04023989799414603,0.020320179523756574
1231.0312782328213,0.010286007805457145,0.04022692616518676,0.02031310888152731
1231.2147404203374,0.010281910226097946,0.040213958028189216,0.020306040585740103
1231.3982026078536,0.010277814314797636,0.04020099358230849,0.02029897463552629
1231.5816647953695,0.010273720070676503,0.04018803282669966,0.020291911030017803
1231.7651269828857,0.010269627492855756,0.04017507576051781,0.020284849768347202
1231.9485891704019,0.010265536580457547,0.04016212238291807,0.020277790849647672
1232.1320513579178,0.01026144733260492,0.0401491726930555,0.02027073427305299
1232.315513545434,0.01025735974842186,0.04013622669008525,0.020263680037697573
1232.4989757329502,0.010253273827033258,0.04012328437316248,0.020256628142716455
1232.682437920466,0.010249189567564933,0.040110345741442316,0.020249578587245257
1232.8659001079823,0.01024510696914361,0.040097410794079934,0.020242531370420244
1233.0493622954982,0.010241026030896931,0.04008447953023052,0.020235486491378275
1233.2328244830142,0.010236946751953453,0.040071551949049225,0.020228443949256825
1233.4162866705303,0.010232869131442631,0.040058628049691306,0.020221403743193974
1233.5997488580463,0.010228793168494846,0.040045707831311936,0.02021436587232842
1233.7832110455624,0.01022471886224137,0.040032791293066375,0.020207330335799457
1233.9666732330786,0.010220646211814387,0.04001987843410988,0.020200297132746996
1234.1501354205946,0.010216575216346984,0.04000696925359771,0.02019326626231156
1234.3335976081107,0.010212505874973153,0.03999406375068514,0.020186237723634266
1234.517059795627,0.010208438186827781,0.03998116192452749,0.02017921151585684
1234.7005219831428,0.010204372151046663,0.03996826377428006,0.020172187638121605
1234.883984170659,0.010200307766766472,0.0399553692990982,0.020165166089571498
1235.0674463581752,0.010196245033124798,0.039942478498137236,0.02015814686935004
1235.250908545691,0.010192183949260117,0.03992959137055256,0.02015112997660138
1235.434370733207,0.010188124514311789,0.03991670791549957,0.020144115410470245
1235.617832920723,0.010184066727420074,0.039903828132133626,0.020137103170101953
1235.8012951082392,0.010180010587726124,0.0398909520196102,0.020130093254642455
1235.9847572957553,0.01017595609437197,0.03987807957708472,0.020123085663238255
1236.1682194832713,0.01017190324650053,0.03986521080371265,0.020116080395036488
1236.3516816707875,0.010167852043255612,0.039852345698649476,0.020109077449184866
1236.5351438583036,0.010163802483781906,0.039839484261050724,0.020102076824831713
1236.7186060458196,0.010159754567224979,0.039826626490071904,0.02009507852112592
1236.9020682333357,0.01015570829273128,0.039813772384868565,0.020088082537216983
1237.085530420852,0.010151663659448128,0.039800921944596265,0.020081088872254984
1237.2689926083676,0.010147620666523742,0.03978807516841061,0.020074097525390626
1237.4524547958838,0.010143579313107188,0.03977523205546722,0.020067108495775147
1237.6359169834,0.010139539598348422,0.03976239260492174,0.02006012178256042
1237.819379170916,0.01013550152139827,0.0397495568159298,0.020053137384898882
1238.002841358432,0.010131465081408423,0.03973672468764712,0.020046155301943574
1238.186303545948,0.010127430277531449,0.03972389621922938,0.020039175532848102
1238.3697657334642,0.010123397108920774,0.03971107140983232,0.02003219807676667
1238.5532279209804,0.010119365574730695,0.03969825025861172,0.020025222932854064
1238.7366901084963,0.010115335674116368,0.039685432764723326,0.02001825010026565
1238.9201522960125,0.010111307406233824,0.03967261892732297,0.020011279578157383
1239.1036144835286,0.010107280770239944,0.03965980874556647,0.020004311365685788
1239.2870766710444,0.010103255765292465,0.039647002218609693,0.019997345462007984
1239.4705388585605,0.010099232390550003,0.03963419934560853,0.019990381866281666
1239.6540010460767,0.010095210645172003,0.03962140012571887,0.01998342057766509
1239.8374632335926,0.010091190528318784,0.039608604558096665,0.019976461595317116
1240.0209254211088,0.010087172039151509,0.03959581264189789,0.019969504918397166
1240.2043876086248,0.010083155176832202,0.039583024376278524,0.019962550546065244
1240.387849796141,0.01007913994052373,0.039570239760394595,0.019955598477481917
1240.571311983657,0.010075126329389807,0.03955745879340215,0.019948648711808348
1240.754774171173,0.010071114342595004,0.03954468147445729,0.019941701248206253
1240.9382363586892,0.010067103979304734,0.03953190780271609,0.01993475608583793
1241.1216985462054,0.010063095238685243,0.039519137777334706,0.019927813223866237
1241.3051607337213,0.010059088119903645,0.03950637139746931,0.01992087266145463
1241.4886229212373,0.01005508262212787,0.039493608662276095,0.019913934397767112
1241.6720851087534,0.0100510787445267,0.03948084957091127,0.01990699843196824
1241.8555472962694,0.010047076486269759,0.0394680941225311,0.01990006476322318
1242.0390094837855,0.010043075846527501,0.039455342316291886,0.019893133390697634
1242.2224716713017,0.010039076824471218,0.03944259415134996,0.0198862043135579
1242.4059338588177,0.010035079419273032,0.03942984962686163,0.019879277530970785
1242.5893960463338,0.010031083630105908,0.03941710874198332,0.019872353042103726
1242.7728582338498,0.01002708945614363,0.03940437149587143,0.019865430846124677
1242.956320421366,0.010023096896560819,0.03939163788768242,0.01985851094220218
1243.1397826088821,0.010019105950532927,0.03937890791657277,0.019851593329505344
1243.323244796398,0.010015116617236221,0.03936618158169899,0.019844678007203808
1243.5067069839142,0.010011128895847805,0.03935345888221765,0.0198377649744678
1243.6901691714302,0.010007142785545601,0.03934073981728531,0.01983085423046809
1243.873631358946,0.010003158285508367,0.039328024386058605,0.01982394577437603
1244.0570935464623,0.00999917539491565,0.03931531258769418,0.019817039605363497
1244.2405557339785,0.009995194112947848,0.03930260442134874,0.019810135722602942
1244.4240179214944,0.009991214438786157,0.03928989988617898,0.019803234125267372
1244.6074801090106,0.00998723637161261,0.03927719898134168,0.019796334812530354
1244.7909422965265,0.009983259910610037,0.03926450170599363,0.019789437783566
1244.9744044840427,0.00997928505496209,0.03925180805929167,0.01978254303754898
1245.1578666715588,0.009975311803853228,0.03923911804039265,0.01977565057365451
1245.3413288590748,0.009971340156468726,0.039226431648453505,0.019768760391058373
1245.524791046591,0.009967370111994665,0.039213748882631155,0.019761872488936884
1245.7082532341071,0.009963401669617945,0.039201069742082595,0.01975498686646693
1245.8917154216228,0.009959434828526254,0.03918839422596483,0.01974810352282592
1246.075177609139,0.009955469587908094,0.039175722333434956,0.019741222457191843
1246.2586397966552,0.009951505946952778,0.03916305406365002,0.019734343668743198
1246.4421019841711,0.00994754390485041,0.03915038941576718,0.019727467156659063
1246.6255641716873,0.0099435834607919,0.0391377283889436,0.019720592920119046
1246.8090263592035,0.00993962461396896,0.03912507098233651,0.019713720958303305
1246.9924885467194,0.009935667363574095,0.03911241719510315,0.019706851270392543
1247.1759507342356,0.009931711708800616,0.03909976702640082,0.019699983855568003
1247.3594129217515,0.009927757648842614,0.03908712047538686,0.019693118713011472
1247.5428751092677,0.009923805182894986,0.039074477541218657,0.01968625584190529
1247.7263372967839,0.009919854310153419,0.03906183822305361,0.019679395241432314
1247.9097994842996,0.009915905029814386,0.039049202520049175,0.019672536910775952
1248.0932616718158,0.009911957341075164,0.03903657043136285,0.01966568084912016
1248.276723859332,0.009908011243133803,0.039023941956152185,0.019658827055649426
1248.4601860468479,0.009904066735189144,0.03901131709357476,0.019651975529548775
1248.643648234364,0.009900123816440821,0.03899869584278822,0.019645126270003775
1248.8271104218802,0.009896182486089245,0.03898607820295021,0.019638279276200512
1249.0105726093961,0.009892242743335607,0.03897346417321847,0.01963143454732563
1249.1940347969123,0.009888304587381894,0.03896085375275073,0.019624592082566297
1249.3774969844283,0.009884368017430856,0.038948246940704825,0.019617751881110215
1249.5609591719444,0.009880433032686034,0.03893564373623856,0.019610913942145616
1249.7444213594606,0.009876499632351734,0.03892304413850987,0.019604078264861262
1249.9278835469763,0.009872567815633056,0.03891044814667665,0.019597244848446462
1250.1113457344925,0.009868637581735857,0.03889785575989691,0.019590413692091038
1250.2948079220087,0.009864708929866782,0.038885266977328664,0.019583584794985353
1250.4782701095246,0.009860781859233241,0.038872681798129985,0.01957675815632029
1250.6617322970408,0.009856856369043411,0.038860100221458985,0.019569933775287266
1250.845194484557,0.00985293245850625,0.03884752224647385,0.01956311165107823
1251.0286566720729,0.009849010126831464,0.038834947872332784,0.01955629178288564
1251.212118859589,0.009845089373229551,0.038822377098194034,0.019549474169902503
1251.3955810471052,0.009841170196911752,0.03880980992321591,0.019542658811322323
1251.5790432346212,0.00983725259709009,0.038797246346556756,0.019535845706339153
1251.7625054221373,0.009833336572977339,0.03878468636737499,0.019529034854147566
1251.9459676096533,0.009829422123787039,0.038772129984829054,0.019522226253942634
1252.1294297971692,0.009825509248733487,0.03875957719807745,0.01951541990491999
1252.3128919846854,0.00982159794703174,0.038747028006278716,0.01950861580627575
1252.4963541722013,0.009817688217897618,0.03873448240859145,0.019501813957206574
1252.6798163597175,0.009813780060547688,0.03872194040417431,0.01949501435690963
1252.8632785472337,0.009809873474199277,0.038709401992185984,0.019488217004582614
1253.0467407347496,0.009805968458070465,0.03869686717178521,0.019481421899423736
1253.2302029222658,0.009802065011380083,0.03868433594213079,0.019474629040631717
1253.413665109782,0.009798163133347719,0.03867180830238156,0.019467838427405796
1253.597127297298,0.009794262823193695,0.03865928425169643,0.019461050058945734
1253.780589484814,0.009790364080139101,0.03864676378923434,0.019454263934451807
1253.9640516723302,0.00978646690340576,0.0386342469141543,0.019447480053124796
1254.1475138598462,0.009782571292216246,0.03862173362561534,0.01944069841416601
1254.3309760473621,0.00977867724579388,0.03860922392277658,0.01943391901677725
1254.514438234878,0.009774784763362717,0.03859671780479716,0.019427141860160847
1254.6979004223942,0.009770893844147562,0.038584215270836324,0.01942036694351964
1254.8813626099104,0.00976700448737396,0.0385717163200533,0.019413594266056967
1255.0648247974264,0.00976311669226819,0.038559220951607416,0.019406823826976678
1255.2482869849425,0.009759230458057275,0.038546729164658025,0.019400055625483154
1255.4317491724587,0.009755345783968975,0.03853424095836453,0.019393289660781247
1255.6152113599746,0.009751462669231778,0.03852175633188645,0.019386525932076345
1255.7986735474908,0.00974758111307491,0.03850927528438331,0.01937976443857434
1255.982135735007,0.009743701114728335,0.03849679781501465,0.019373005179481612
1256.165597922523,0.00973982267342274,0.03848432392294015,0.01936624815400506
1256.349060110039,0.00973594578838955,0.038471853607319494,0.01935949336135209
1256.5325222975548,0.009732070458860912,0.038459386867312435,0.019352740800730597
1256.715984485071,0.009728196684069707,0.03844692370207878,0.019345990471349002
1256.8994466725871,0.009724324463249539,0.038434464110778374,0.019339242372416195
1257.082908860103,0.009720453795634739,0.03842200809257114,0.019332496503141595
1257.2663710476193,0.009716584680460364,0.038409555646617057,0.019325752862735114
1257.4498332351354,0.009712717116962182,0.03839710677207615,0.019319011450407157
1257.6332954226514,0.009708851104376704,0.038384661468108525,0.01931227226536864
1257.8167576101675,0.009704986641941147,0.03837221973387431,0.019305535306830966
1258.0002197976837,0.009701123728893441,0.038359781568533695,0.01929880057400603
1258.1836819851997,0.00969726236447225,0.03834734697124696,0.01929206806610625
1258.3671441727158,0.009693402547916948,0.03833491594117443,0.019285337782344526
1258.550606360232,0.00968954427846762,0.03832248847747645,0.019278609721934233
1258.7340685477477,0.009685687555365068,0.03831006457931349,0.019271883884089274
1258.9175307352639,0.009681832377850806,0.038297644245846044,0.01926516026802403
1259.1009929227798,0.009677978745167069,0.03828522747623465,0.019258438872953372
1259.284455110296,0.00967412665655679,0.038272814269639924,0.019251719698092674
1259.4679172978122,0.009670276111263618,0.03826040462522255,0.01924500274265779
1259.651379485328,0.0096664271085319,0.038247998542143245,0.019238288005865068
1259.8348416728443,0.009662579647606709,0.03823559601956282,0.01923157548693135
1260.0183038603604,0.009658733727733801,0.038223197056642115,0.01922486518507397
1260.2017660478764,0.00965488934815966,0.03821080165254206,0.01921815709951075
1260.3852282353926,0.00965104650813146,0.03819840980642362,0.019211451229459994
1260.5686904229087,0.009647205206897071,0.038186021517447835,0.019204747574140497
1260.7521526104244,0.009643365443705075,0.038173636784775825,0.019198046132771544
1260.9356147979406,0.009639527217804752,0.03816125560756871,0.019191346904572897
1261.1190769854566,0.009635690528446077,0.038148877984987756,0.019184649888764817
1261.3025391729727,0.009631855374879723,0.038136503916194234,0.019177955084568044
1261.486001360489,0.009628021756357057,0.03812413340034948,0.019171262491203787
1261.6694635480048,0.009624189672130145,0.03811176643661491,0.01916457210789375
1261.852925735521,0.009620359121451746,0.038099403024152004,0.01915788393386014
1262.0363879230372,0.00961653010357531,0.03808704316212232,0.019151197968325612
1262.2198501105531,0.00961270261775498,0.038074686849687435,0.019144514210513323
1262.4033122980693,0.009608876663245587,0.03806233408600902,0.019137832659646907
1262.5867744855855,0.00960505223930265,0.03804998487024882,0.019131153314950463
1262.7702366731012,0.00960122934518238,0.03803763920156861,0.019124476175648587
1262.9536988606174,0.00959740798014167,0.038025297079130264,0.01911780124096635
1263.1371610481335,0.009593588143438098,0.03801295850209571,0.019111128510129298
1263.3206232356495,0.00958976983432994,0.038000623469626925,0.01910445798236345
1263.5040854231656,0.009585953052076138,0.03798829198088598,0.019097789656895313
1263.6875476106816,0.009582137795936318,0.03797596403503498,0.01909112353295185
1263.8710097981977,0.00957832406517079,0.037963639631236126,0.019084459609760518
1264.054471985714,0.009574511859040551,0.03795131876865167,0.01907779788654924
1264.2379341732299,0.009570701176807268,0.03793900144644394,0.01907113836254642
1264.421396360746,0.00956689201773328,0.037926687663775306,0.019064481036980916
1264.6048585482622,0.009563084381081614,0.037914377419808236,0.019057825909082077
1264.7883207357781,0.009559278266115972,0.03790207071370526,0.01905117297807972
1264.971782923294,0.00955547367210072,0.03788976754462896,0.019044522243204125
1265.1552451108103,0.009551670598300898,0.03787746791174197,0.01903787370368605
1265.3387072983262,0.009547869043982228,0.03786517181420705,0.019031227358756717
1265.5221694858424,0.009544069008411088,0.03785287925118697,0.019024583207647813
1265.7056316733583,0.009540270490854545,0.03784059022184462,0.019017941249591518
1265.8890938608745,0.00953647349058031,0.03782830472534292,0.019011301483820443
1266.0725560483907,0.009532678006856771,0.03781602276084485,0.019004663909567683
1266.2560182359066,0.009528884038952998,0.03780374432751352,0.018998028526066822
1266.4394804234228,0.0095250915861387,0.037791469424512024,0.01899139533255186
1266.622942610939,0.00952130064768427,0.0377791980510036,0.018984764328257304
1266.8064047984549,0.009517511222860741,0.037766930206151524,0.018978135512418098
1266.989866985971,0.009513723310939836,0.03775466588911914,0.01897150888426968
1267.1733291734872,0.009509936911193914,0.03774240509906987,0.018964884443047912
1267.356791361003,0.009506152022896005,0.037730147835167205,0.01895826218798915
1267.540253548519,0.009502368645319796,0.03771789409657471,0.0189516421183302
1267.7237157360353,0.009498586777739635,0.03770564388245601,0.018945024233308325
1267.9071779235512,0.009494806419430504,0.03769339719197481,0.018938408532161242
1268.0906401110674,0.009491027569668067,0.03768115402429491,0.018931795014127156
1268.2741022985833,0.009487250227728634,0.03766891437858014,0.018925183678444705
1268.4575644860995,0.009483474392889154,0.03765667825399442,0.01891857452435298
1268.6410266736157,0.009479700064427245,0.03764444564970175,0.018911967551091563
1268.8244888611316,0.009475927241621166,0.037632216564866185,0.018905362757900453
1269.0079510486478,0.009472155923749821,0.03761999099865187,0.018898760144020123
1269.191413236164,0.009468386110092777,0.03760776895022301,0.018892159708691514
1269.3748754236797,0.009464617799930236,0.037595550418743906,0.018885561451156007
1269.5583376111958,0.009460850992543046,0.037583335403378916,0.018878965370655438
1269.741799798712,0.00945708568721271,0.03757112390329247,0.018872371466432097
1269.925261986228,0.00945332188322135,0.037558915917649066,0.01886577973772873
1270.1087241737441,0.00944955957985177,0.03754671144561331,0.018859190183788545
1270.29218636126,0.00944579877638738,0.03753451048634981,0.018852602803855173
1270.4756485487762,0.009442039472112248,0.03752231303902334,0.01884601759717272
1270.6591107362924,0.009438281666311072,0.037510119102798695,0.018839434562985737
1270.8425729238083,0.009434525358269203,0.03749792867684076,0.018832853700539227
1271.0260351113245,0.00943077054727262,0.03748574176031448,0.018826275009078644
1271.2094972988407,0.009427017232607932,0.03747355835238489,0.018819698487849874
1271.3929594863564,0.009423265413562396,0.03746137845221711,0.018813124136099268
1271.5764216738726,0.009419515089423888,0.03744920205897631,0.018806551953073618
1271.7598838613887,0.009415766259480934,0.03743702917182777,0.01879998193802017
1271.9433460489047,0.009412018923022679,0.03742485978993683,0.018793414090186606
1272.1268082364209,0.009408273079338902,0.03741269391246889,0.018786848408821055
1272.310270423937,0.009404528727720013,0.037400531538589424,0.01878028489317208
1272.493732611453,0.009400785867457058,0.037388372667464025,0.01877372354248872
1272.6771947989691,0.009397044497841704,0.03737621729825834,0.018767164356020438
1272.860656986485,0.009393304618166235,0.03736406543013808,0.018760607333017123
1273.0441191740013,0.009389566227723575,0.03735191706226908,0.01875405247272914
1273.2275813615174,0.009385829325807268,0.037339772193817185,0.018747499774407275
1273.4110435490331,0.009382093911711482,0.03732763082394837,0.01874094923730275
1273.5945057365493,0.009378359984731006,0.03731549295182868,0.01873440086066725
1273.7779679240655,0.009374627544161249,0.0373033585766242,0.018727854643752876
1273.9614301115814,0.009370896589298246,0.037291227697501164,0.018721310585812174
1274.1448922990976,0.009367167119438647,0.03727910031362583,0.01871476868609815
1274.3283544866138,0.009363439133879718,0.03726697642416455,0.018708228943864213
1274.5118166741297,0.00935971263191935,0.03725485602828375,0.01870169135836423
1274.6952788616459,0.009355987612856042,0.03724273912514999,0.018695155928852514
1274.8787410491618,0.009352264075988914,0.03723062571392983,0.018688622654583792
1275.062203236678,0.009348542020617698,0.037218515793789944,0.018682091534813237
1275.2456654241942,0.009344821446042739,0.03720640936389709,0.018675562568796454
1275.42912761171,0.009341102351564996,0.03719430642341811,0.018669035755789487
1275.612589799226,0.009337384736486036,0.03718220697151992,0.018662511095048812
1275.7960519867422,0.00933366860010804,0.03717011100736952,0.018655988585831326
1275.9795141742582,0.009329953941733792,0.037158018530134,0.018649468227394387
1276.1629763617743,0.009326240760666692,0.0371459295389805,0.01864295001899575
1276.3464385492905,0.009322529056210746,0.03713384403307629,0.018636433959893638
1276.5299007368064,0.00931881882767056,0.03712176201158868,0.018629920049346667
1276.7133629243226,0.009315110074351346,0.037109683473685075,0.0186234082866139
1276.8968251118388,0.00931140279555893,0.037097608418532976,0.018616898670954847
1277.0802872993547,0.009307696990599728,0.037085536845299964,0.018610391201629422
1277.263749486871,0.009303992658780768,0.037073468753153704,0.018603885877897984
1277.4472116743868,0.009300289799409672,0.03706140414126191,0.01859738269902129
1277.630673861903,0.00929658841179466,0.03704934300879243,0.018590881664260563
1277.8141360494192,0.009292888495244568,0.03703728535491316,0.018584382772877432
1277.997598236935,0.009289190049068804,0.03702523117879209,0.01857788602413395
1278.181060424451,0.009285493072577401,0.0370131804795973,0.018571391417292606
1278.3645226119672,0.00928179756508097,0.03700113325649695,0.018564898951616303
1278.5479847994832,0.009278103525890717,0.036989089508659284,0.018558408626368376
1278.7314469869993,0.009274410954318447,0.03697704923525264,0.018551920440812577
1278.9149091745155,0.009270719849676567,0.036965012435445414,0.018545434394213085
1279.0983713620315,0.009267030211278064,0.03695297910840612,0.018538950485834507
1279.2818335495476,0.009263342038436512,0.03694094925330335,0.01853246871494186
1279.4652957370636,0.009259655330466087,0.03692892286930576,0.01852598908080059
1279.6487579245797,0.009255970086681551,0.0369168999555821,0.01851951158267656
1279.832220112096,0.00925228630639825,0.036904880511301245,0.018513036219836056
1280.0156822996116,0.009248603988932128,0.036892864535632085,0.018506562991545777
1280.1991444871278,0.0092449231335997,0.03688085202774365,0.01850009189707285
1280.382606674644,0.00924124373971808,0.036868842986805046,0.018493622935684823
1280.56606886216,0.00923756580660496,0.03685683741198546,0.018487156106649645
1280.749531049676,0.009233889333578608,0.03684483530245416,0.018480691409235694
1280.9329932371922,0.00923021431995789,0.036832836657380505,0.018474228842711764
1281.1164554247082,0.009226540765062245,0.036820841475933966,0.018467768406347063
1281.2999176122244,0.009222868668211698,0.03680884975728405,0.01846131009941122
1281.4833797997405,0.009219198028726843,0.036796861500600395,0.01845485392117427
1281.6668419872565,0.00921552884592886,0.03678487670505272,0.018448399870906664
1281.8503041747726,0.009211861119139514,0.036772895369810814,0.018441947947879275
1282.0337663622884,0.009208194847681133,0.03676091749404457,0.01843549815136338
1282.2172285498045,0.00920453003087662,0.03674894307692397,0.018429050480630673
1282.4006907373207,0.009200866668049468,0.03673697211761909,0.018422604934953266
1282.5841529248366,0.00919720475852373,0.036725004615300066,0.01841616151360366
1282.7676151123528,0.009193544301624041,0.03671304056913714,0.018409720215854797
1282.951077299869,0.009189885296675604,0.03670107997830066,0.018403281040980008
1283.134539487385,0.009186227743004188,0.036689122841961054,0.018396843988253038
1283.318001674901,0.009182571639936151,0.03667716915928883,0.01839040905694806
1283.5014638624173,0.009178916986798399,0.03666521892945457,0.01838397624633963
1283.6849260499332,0.009175263782918412,0.036653272151628995,0.018377545555702722
1283.8683882374494,0.009171612027624246,0.03664132882498289,0.018371116984312718
1284.051850424965,0.00916796172024451,0.03662938894868711,0.018364690531445408
1284.2353126124813,0.009164312860108397,0.03661745252191262,0.01835826619637699
1284.4187747999974,0.009160665446545637,0.03660551954383049,0.018351843978384054
1284.6022369875134,0.009157019478886547,0.03659359001361185,0.018345423876743615
1284.7856991750295,0.009153374956462007,0.03658166393042794,0.018339005890733083
1284.9691613625457,0.009149731878603445,0.0365697412934501,0.01833259001963028
1285.1526235500617,0.00914609024464286,0.03655782210184976,0.018326176262713427
1285.3360857375778,0.00914245005391281,0.03654590635479841,0.018319764619261134
1285.519547925094,0.009138811305746404,0.036533994051467664,0.01831335508855244
1285.70301011261,0.009135173999477317,0.03652208519102922,0.018306947669866767
1285.8864723001261,0.00913153813443978,0.03651017977265487,0.01830054236248394
1286.0699344876423,0.00912790370996858,0.036498277795516496,0.0182941391656842
1286.253396675158,0.00912427072539906,0.03648637925878606,0.01828773807874817
1286.4368588626742,0.00912063918006711,0.036474484161635644,0.018281339100956886
1286.6203210501901,0.009117009073309191,0.0364625925032374,0.018274942231591772
1286.8037832377063,0.009113380404462303,0.036450704282763605,0.01826854746993467
1286.9872454252225,0.009109753172864003,0.03643881949938658,0.0182621548152678
1287.1707076127384,0.00910612737785239,0.036426938152278765,0.018255764266873788
1287.3541698002546,0.009102503018766129,0.036415060240612716,0.01824937582403565
1287.5376319877707,0.00909888009494442,0.03640318576356106,0.018242989486036823
1287.7210941752867,0.009095258605727017,0.0363913147202965,0.018236605252161107
1287.9045563628029,0.00909163855045422,0.03637944710999187,0.01823022312169272
1288.088018550319,0.009088019928466883,0.03636758293182008,0.01822384309391627
1288.271480737835,0.009084402739106396,0.03635572218495413,0.018217465168116755
1288.4549429253511,0.009080786981714698,0.036343864868567145,0.018211089343579574
1288.6384051128668,0.009077172655634276,0.0363320109818323,0.018204715619590525
1288.821867300383,0.009073559760208145,0.03632016052392291,0.018198343995435778
1289.0053294878992,0.009069948294779872,0.03630831349401235,0.018191974470401908
1289.1887916754151,0.009066338258693572,0.036296469891274094,0.018185607043775885
1289.3722538629313,0.009062729651293903,0.03628462971488173,0.018179241714845078
1289.5557160504475,0.009059122471926032,0.03627279296400893,0.01817287848289722
1289.7391782379634,0.009055516719935703,0.03626095963782948,0.018166517347220457
1289.9226404254796,0.009051912394669171,0.036249129735517256,0.01816015830710332
1290.1061026129958,0.009048309495473245,0.036237303256246196,0.018153801361834736
1290.2895648005117,0.00904470802169526,0.03622548019919038,0.018147446510704
1290.4730269880279,0.00904110797268309,0.03621366056352396,0.018141093753000822
1290.656489175544,0.00903750934778514,0.03620184434842119,0.018134743088015277
1290.8399513630598,0.00903391214635035,0.03619003155305644,0.018128394515037834
1291.023413550576,0.009030316367728195,0.03617822217660415,0.01812204803335937
1291.2068757380919,0.009026722011268678,0.036166416218238864,0.018115703642271108
1291.390337925608,0.009023129076322342,0.03615461367713524,0.018109361341064698
1291.5738001131242,0.009019537562240248,0.036142814552468004,0.01810302112903215
1291.7572623006401,0.009015947468373989,0.036131018843412036,0.018096683005465863
1291.9407244881563,0.009012358794075689,0.036119226549142236,0.018090346969658624
1292.1241866756725,0.009008771538698005,0.03610743766883366,0.0180840130209036
1292.3076488631884,0.00900518570159411,0.03609565220166145,0.018077681158494348
1292.4911110507046,0.00900160128211771,0.03608387014680083,0.01807135138172481
1292.6745732382208,0.008998018279623031,0.03607209150342717,0.01806502368988929
1292.8580354257365,0.008994436693464825,0.03606031627071587,0.018058698082282502
1293.0414976132527,0.008990856522998369,0.03604854444784246,0.01805237455819951
1293.2249598007686,0.008987277767579455,0.036036776033982615,0.01804605311693579
1293.4084219882848,0.008983700426564411,0.03602501102831203,0.018039733757787176
1293.591884175801,0.008980124499310075,0.03601324943000656,0.0180334164800499
1293.7753463633169,0.00897654998517381,0.03600149123824213,0.018027101283020555
1293.958808550833,0.008972976883513489,0.035989736452194776,0.018020788165996122
1294.1422707383492,0.008969405193687514,0.03597798507104063,0.018014477128273962
1294.3257329258652,0.008965834915054798,0.03596623709395593,0.018008168169151805
1294.5091951133813,0.008962266046974776,0.03595449252011702,0.018001861287927776
1294.6926573008975,0.008958698588807396,0.03594275134870033,0.01799555648390036
1294.8761194884132,0.008955132539913115,0.03593101357888239,0.01798925375636842
1295.0595816759294,0.008951567899652912,0.03591927920983985,0.017982953104631206
1295.2430438634456,0.008948004667388277,0.03590754824074944,0.017976654527988325
1295.4265060509615,0.008944442842481217,0.03589582067078801,0.017970358025739777
1295.6099682384777,0.00894088242429424,0.03588409649913251,0.017964063597185935
1295.7934304259936,0.008937323412190373,0.035872375724959965,0.017957771241627528
1295.9768926135098,0.008933765805533147,0.03586065834744753,0.017951480958365677
1296.160354801026,0.008930209603686614,0.03584894436577247,0.01794519274670187
1296.343816988542,0.008926654806015327,0.03583723377911212,0.017938906605937964
1296.527279176058,0.00892310141188434,0.03582552658664394,0.017932622535376194
1296.7107413635742,0.008919549420659222,0.03581382278754548,0.01792634053431916
1296.89420355109,0.008915998831706051,0.035802122380994415,0.01792006060206984
1297.0776657386061,0.0089124496443914,0.0357904253661685,0.017913782737931577
1297.2611279261223,0.008908901858082355,0.0357787317422456,0.017907506941208087
1297.4445901136382,0.008905355472146496,0.03576704150840368,0.017901233211203453
1297.6280523011544,0.008901810485951924,0.03575535466382082,0.017894961547222126
1297.8115144886704,0.008898266898867224,0.0357436712076752,0.017888691948568937
1297.9949766761865,0.008894724710261485,0.03573199113914509,0.017882424414549063
1298.1784388637027,0.008891183919504303,0.03572031445740887,0.01787615894446807
1298.3619010512186,0.008887644525965773,0.03570864116164503,0.017869895537631884
1298.5453632387348,0.008884106529016481,0.035696971251032196,0.017863634193346793
1298.728825426251,0.008880569928027524,0.035685304724749026,0.01785737491091946
1298.912287613767,0.008877034722370478,0.03567364158197433,0.0178511176896569
1299.095749801283,0.00887350091141744,0.035661981821887026,0.017844862528866516
1299.279211988799,0.008869968494540978,0.035650325443666114,0.017838609427856048
1299.462674176315,0.008866437471114172,0.035638672446490716,0.017832358385933618
1299.6461363638311,0.008862907840510584,0.03562702282954005,0.017826109402407714
1299.8295985513473,0.008859379602104287,0.03561537659199344,0.017819862476587178
1300.0130607388633,0.008855852755269822,0.035603733733030316,0.01781361760778121
1300.1965229263794,0.008852327299382245,0.03559209425183023,0.0178073747952994
1300.3799851138954,0.008848803233817083,0.03558045814757283,0.01780113403845166
1300.5634473014115,0.00884528055795037,0.035568825419437844,0.0177948953365483
1300.7469094889277,0.008841759271158623,0.03555719606660513,0.01778865868889997
1300.9303716764437,0.008838239372818846,0.035545570088254666,0.01778242409481769
1301.1138338639598,0.008834720862308531,0.03553394748356651,0.017776191553612826
1301.297296051476,0.008831203739005661,0.035522328251720844,0.017769961064597127
1301.4807582389917,0.008827688002288697,0.03551071239189793,0.017763732627082675
1301.6642204265079,0.008824173651536602,0.035499099903278174,0.017757506240381936
1301.847682614024,0.008820660686128802,0.035487490785042056,0.01775128190380771
1302.03114480154,0.008817149105445229,0.035475885036370204,0.017745059616673185
1302.2146069890562,0.00881363890886628,0.035464282656443316,0.01773883937829188
1302.398069176572,0.008810130095772844,0.0354526836444422,0.017732621187977672
1302.5815313640883,0.008806622665546297,0.0354410879995478,0.017726405045044816
1302.7649935516044,0.008803116617568489,0.035429495720941125,0.017720190948807904
1302.9484557391204,0.00879961195122174,0.03541790680780334,0.017713978898581884
1303.1319179266366,0.008796108665888869,0.03540632125931567,0.01770776889368207
1303.3153801141527,0.008792606760953172,0.03539473907465949,0.017701560933424128
1303.4988423016684,0.008789106235798401,0.03538316025301623,0.017695355017124062
1303.6823044891846,0.00878560708980881,0.03537158479356752,0.017689151144098258
1303.8657666767008,0.008782109322369122,0.03536001269549502,0.01768294931366344
1304.0492288642167,0.008778612932864535,0.03534844395798051,0.017676749525136672
1304.232691051733,0.008775117920680715,0.035336878580205885,0.017670551777835393
1304.416153239249,0.008771624285203814,0.035325316561353175,0.01766435607107739
1304.599615426765,0.008768132025820451,0.03531375790060448,0.017658162404180784
1304.7830776142812,0.008764641141917726,0.03530220259714205,0.01765197077646407
1304.9665398017971,0.008761151632883194,0.035290650650148206,0.017645781187246086
1305.1500019893133,0.008757663498104902,0.03527910205880539,0.01763959363584601
1305.3334641768295,0.008754176736971351,0.03526755682229617,0.01763340812158338
1305.5169263643452,0.008750691348871523,0.035256014939803196,0.017627224643778076
1305.7003885518614,0.008747207333194864,0.035244476410509276,0.01762104320175034
1305.8838507393775,0.008743724689331293,0.03523294123359726,0.01761486379482076
1306.0673129268935,0.008740243416671189,0.03522140940825017,0.017608686422310248
1306.2507751144096,0.008736763514605407,0.03520988093365111,0.0176025110835401
1306.4342373019258,0.008733284982525258,0.03519835580898327,0.017596337777831924
1306.6176994894417,0.00872980781982253,0.035186834033430016,0.017590166504507707
1306.801161676958,0.008726332025889471,0.035175315606174776,0.017583997262889763
1306.9846238644739,0.00872285760011879,0.0351638005264011,0.01757783005230076
1307.16808605199,0.00871938454190366,0.03515228879329265,0.017571664872063703
1307.3515482395062,0.008715912850637724,0.03514078040603318,0.017565501721501942
1307.535010427022,0.008712442525715078,0.03512927536380661,0.017559340599939185
1307.718472614538,0.008708973566530288,0.03511777366579691,0.017553181506699482
1307.9019348020543,0.008705505972478374,0.0351062753111882,0.017547024441107208
1308.0853969895702,0.00870203974295482,0.03509478029916469,0.017540869402487096
1308.2688591770864,0.00869857487735556,0.035083288628910726,0.017534716390164226
1308.4523213646025,0.008695111375077004,0.035071800299610725,0.01752856540346401
1308.6357835521185,0.008691649235516003,0.03506031531044928,0.01752241644171221
1308.8192457396347,0.00868818845806987,0.03504883366061104,0.017516269504234926
1309.0027079271508,0.00868472904213638,0.03503735534928079,0.017510124590358597
1309.1861701146668,0.008681270987113757,0.03502588037564341,0.017503981699410004
1309.369632302183,0.008677814292400684,0.035014408738883916,0.017497840830716267
1309.5530944896989,0.008674358957396294,0.03500294043818744,0.017491701983604856
1309.7365566772148,0.00867090498150018,0.034991475472739196,0.01748556515740357
1309.920018864731,0.008667452364112385,0.034980013841724535,0.01747943035144055
1310.103481052247,0.008664001104633397,0.03496855554432892,0.017473297565044277
1310.286943239763,0.008660551202464168,0.03495710057973792,0.01746716679754356
1310.4704054272793,0.008657102657006092,0.03494564894713723,0.017461038048267572
1310.6538676147952,0.008653655467661017,0.03493420064571264,0.0174549113165458
1310.8373298023114,0.00865020963383124,0.034922755674650065,0.017448786601708063
1311.0207919898276,0.008646765154919502,0.03491131403313553,0.017442663903084542
1311.2042541773435,0.008643322030329,0.034899875720355175,0.017436543220005728
1311.3877163648597,0.008639880259463375,0.03488844073549526,0.017430424551802475
1311.5711785523756,0.008636439841726708,0.034877009077742153,0.01742430789780594
1311.7546407398918,0.008633000776523538,0.03486558074628235,0.01741819325734765
1311.938102927408,0.008629563063258846,0.03485415574030244,0.017412080629759442
1312.1215651149237,0.008626126701338048,0.03484273405898914,0.017405970014373492
1312.3050273024398,0.00862269169016701,0.034831315701529274,0.01739986141052231
1312.488489489956,0.008619258029152043,0.034819900667109785,0.017393754817538746
1312.671951677472,0.008615825717699905,0.03480848895491777,0.01738765023475598
1312.8554138649881,0.00861239475521779,0.03479708056414034,0.01738154766150752
1313.0388760525043,0.008608965141113329,0.034785675493964816,0.017375447097127204
1313.2223382400202,0.008605536874794602,0.03477427374357861,0.01736934854094921
1313.4058004275364,0.00860210995567012,0.034762875312169234,0.017363251992308044
1313.5892626150526,0.00859868438314885,0.03475148019892432,0.017357157450538546
1313.7727248025685,0.008595260156640175,0.03474008840303164,0.01735106491497588
1313.9561869900847,0.008591837275553935,0.034728699923679045,0.017344974384955546
1314.1396491776004,0.00858841573930039,0.03471731476005452,0.017338885859813365
1314.3231113651166,0.00858499554729026,0.03470593291134616,0.0173327993388855
1314.5065735526327,0.008581576698934676,0.0346945543767422,0.017326714821508438
1314.6900357401487,0.008578159193645211,0.03468317915543098,0.01732063230701898
1314.8734979276649,0.008574743030833885,0.03467180724660092,0.017314551794754277
1315.056960115181,0.008571328209913139,0.034660438649440614,0.017308473284051794
1315.240422302697,0.008567914730295858,0.03464907336313873,0.017302396774249336
1315.4238844902131,0.008564502591395348,0.03463771138688408,0.017296322264685023
1315.6073466777293,0.008561091792625358,0.03462635271986557,0.017290249754697305
1315.7908088652453,0.008557682333400051,0.03461499736127224,0.01728417924362495
1315.9742710527614,0.008554274213134042,0.034603645310293266,0.017278110730807074
1316.1577332402771,0.008550867431242368,0.034592296566117876,0.0172720442155831
1316.3411954277933,0.008547461987140487,0.03458095112793548,0.017265979697292773
1316.5246576153095,0.008544057880244297,0.034569608994935594,0.01725991717527618
1316.7081198028254,0.00854065510997012,0.03455827016630781,0.01725385664887371
1316.8915819903416,0.008537253675734697,0.0345469346412419,0.017247798117426102
1317.0750441778578,0.008533853576955212,0.03453560241892771,0.017241741580274396
1317.2585063653737,0.008530454813049265,0.03452427349855523,0.017235687036759966
1317.4419685528899,0.008527057383434882,0.03451294787931455,0.017229634486224506
1317.625430740406,0.008523661287530519,0.03450162556039587,0.017223583928010034
1317.808892927922,0.008520266524755047,0.03449030654098953,0.017217535361458876
1317.9923551154382,0.008516873094527769,0.03447899082028599,0.017211488785913713
1318.1758173029543,0.008513480996268408,0.03446767839747582,0.017205444200717505
1318.35927949047,0.00851009022939711,0.03445636927174969,0.017199401605213566
1318.5427416779862,0.00850670079333444,0.03444506344229843,0.01719336099874551
1318.7262038655022,0.008503312687501383,0.03443376090831296,0.01718732238065728
1318.9096660530183,0.008499925911319355,0.03442246166898432,0.017181285750293145
1319.0931282405345,0.00849654046421018,0.03441116572350369,0.017175251106997677
1319.2765904280504,0.0084931563455961,0.03439987307106235,0.017169218450115774
1319.4600526155666,0.008489773554899783,0.03438858371085169,0.017163187778992655
1319.6435148030828,0.008486392091544318,0.034377297642063244,0.01715715909297385
1319.8269769905987,0.008483011954953202,0.034366014863888676,0.01715113239140523
1320.010439178115,0.008479633144550353,0.034354735375519724,0.01714510767363295
1320.193901365631,0.00847625565976011,0.034343459176148276,0.0171390849390035
1320.3773635531468,0.008472879500007214,0.034332186264966355,0.017133064186863688
1320.560825740663,0.008469504664716835,0.03432091664116606,0.01712704541656063
1320.744287928179,0.008466131153314543,0.03430965030393964,0.01712102862744175
1320.927750115695,0.008462758965226337,0.034298387252479495,0.017115013818854826
1321.1112123032112,0.00845938809987862,0.034287127485978085,0.017109000990147907
1321.2946744907272,0.008456018556698204,0.03427587100362801,0.017102990140669374
1321.4781366782433,0.008452650335112324,0.03426461780462199,0.01709698126976792
1321.6615988657595,0.008449283434548614,0.034253367888152905,0.017090974376792564
1321.8450610532755,0.00844591785443513,0.03424212125341372,0.017084969461092624
1322.0285232407916,0.008442553594200323,0.0342308778995975,0.01707896652201773
1322.2119854283078,0.00843919065327307,0.034219637825897466,0.01707296555891783
1322.3954476158237,0.008435829031082644,0.03420840103150697,0.017066966571143198
1322.57890980334,0.008432468727058735,0.03419716751561945,0.017060969558044394
1322.7623719908559,0.00842910974063143,0.034185937277428476,0.017054974518972303
1322.9458341783718,0.00842575207123124,0.03417471031612776,0.01704898145327813
1323.129296365888,0.008422395718289061,0.034163486630911115,0.017042990360313377
1323.312758553404,0.008419040681236207,0.0341522662209725,0.017037001239429857
1323.49622074092,0.008415686959504402,0.03414104908550597,0.017031014089979712
1323.6796829284363,0.008412334552525758,0.034129835223705704,0.01702502891131537
1323.8631451159522,0.008408983459732806,0.03411862463476599,0.01701904570278957
1324.0466073034684,0.00840563368055847,0.034107417317881306,0.017013064463755383
1324.2300694909845,0.008402285214436088,0.03409621327224616,0.017007085193566165
1324.4135316785005,0.00839893806079939,0.03408501249705524,0.01700110789157559
1324.5969938660166,0.008395592219082506,0.03407381499150337,0.016995132557137648
1324.7804560535328,0.008392247688719977,0.03406262075478546,0.016989159189606626
1324.9639182410485,0.008388904469146738,0.03405142978609653,0.016983187788337115
1325.1473804285647,0.008385562559798122,0.034040242084631765,0.016977218352684016
1325.3308426160806,0.00838222196010987,0.03402905764958645,0.016971250882002555
1325.5143048035968,0.008378882669518103,0.03401787648015599,0.016965285375648224
1325.697766991113,0.008375544687459362,0.03400669857553595,0.016959321832976874
1325.881229178629,0.008372208013370576,0.033995523934921966,0.016953360253344617
1326.064691366145,0.008368872646689066,0.033984352557509825,0.01694740063610789
1326.2481535536613,0.008365538586852555,0.03397318444249543,0.01694144298062343
1326.4316157411772,0.008362205833299158,0.03396201958907482,0.01693548728624828
1326.6150779286934,0.008358874385467388,0.03395085799644415,0.016929533552339802
1326.7985401162096,0.008355544242796152,0.03393969966379967,0.016923581778255613
1326.9820023037253,0.008352215404724753,0.033928544590337825,0.0169176319633537
1327.1654644912414,0.00834888787069288,0.03391739277525511,0.016911684106992307
1327.3489266787576,0.008345561640140617,0.03390624421774818,0.016905738208529992
1327.5323888662735,0.008342236712508446,0.033895098917013824,0.016899794267325623
1327.7158510537897,0.008338913087237238,0.033883956872248926,0.016893852282738365
1327.8993132413057,0.008335590763768254,0.03387281808265052,0.01688791225412768
1328.0827754288218,0.008332269741543146,0.03386168254741575,0.016881974180853347
1328.266237616338,0.00832895002000395,0.03385055026574189,0.016876038062275424
1328.449699803854,0.0083256315985931,0.03383942123682633,0.01687010389775428
1328.6331619913701,0.008322314476753414,0.033828295459866584,0.016864171686650588
1328.8166241788863,0.008318998653928097,0.03381717293406032,0.016858241428325323
1329.000086366402,0.00831568412956075,0.033806053658605305,0.016852313122139754
1329.1835485539182,0.00831237090309535,0.03379493763269943,0.01684638676745544
1329.3670107414343,0.008309058973976267,0.033783824855540726,0.01684046236363426
1329.5504729289503,0.008305748341648257,0.03377271532632732,0.016834539910038374
1329.7339351164665,0.008302439005556456,0.033761609044257526,0.016828619406030258
1329.9173973039824,0.008299130965146392,0.033750506008529704,0.016822700850972656
1330.1008594914986,0.008295824219863971,0.033739406218342385,0.016816784244228642
1330.2843216790147,0.008292518769155485,0.03372830967289424,0.016810869585161575
1330.4677838665307,0.008289214612467611,0.03371721637138402,0.016804956873135105
1330.6512460540469,0.008285911749247409,0.03370612631301065,0.016799046107513184
1330.834708241563,0.008282610178942313,0.03369503949697314,0.016793137287660062
1331.0181704290787,0.008279309901000152,0.033683955922470664,0.016787230412940286
1331.201632616595,0.008276010914869115,0.03367287558870249,0.016781325482718684
1331.385094804111,0.008272713219997795,0.033661798494868014,0.0167754224963604
1331.568556991627,0.008269416815835148,0.033650724640166794,0.01676952145323085
1331.7520191791432,0.008266121701830526,0.033639654023798475,0.01676362235269578
1331.9354813666594,0.008262827877433637,0.03362858664496284,0.01675772519412119
1332.1189435541753,0.008259535342094587,0.03361752250285981,0.016751829976873404
1332.3024057416915,0.008256244095263852,0.03360646159668943,0.01674593670031902
1332.4858679292074,0.008252954136392281,0.03359540392565185,0.01674004536382494
1332.6693301167236,0.008249665464931102,0.03358434948894738,0.016734155966758354
1332.8527923042398,0.008246378080331926,0.03357329828577643,0.016728268508486754
1333.0362544917557,0.008243091982046733,0.033562250315339555,0.016722382988377905
1333.2197166792719,0.008239807169527874,0.033551205576837426,0.016716499405799886
1333.4031788667878,0.008236523642228087,0.033540164069470836,0.016710617760121053
1333.5866410543038,0.00823324139960047,0.03352912579244073,0.016704738050710058
1333.77010324182,0.008229960441098501,0.033518090744948166,0.01669886027693584
1333.953565429336,0.00822668076617603,0.03350705892619433,0.01669298443816765
1334.137027616852,0.008223402374287281,0.033496030335380525,0.01668711053377499
1334.3204898043682,0.008220125264886845,0.033485004971708185,0.01668123856312768
1334.5039519918842,0.008216849437429693,0.0334739828343789,0.016675368525595834
1334.6874141794003,0.008213574891371155,0.03346296392259436,0.01666950042054984
1334.8708763669165,0.008210301626166937,0.033451948235556375,0.01666363424736037
1335.0543385544324,0.008207029641273112,0.033440935772466915,0.0166577700053984
1335.2378007419486,0.00820375893614613,0.03342992653252805,0.01665190769403519
1335.4212629294648,0.008200489510242803,0.03341892051494199,0.016646047312642284
1335.6047251169805,0.008197221363020308,0.03340791771891107,0.016640188860591522
1335.7881873044967,0.008193954493936197,0.033396918143637766,0.016634332337255024
1335.9716494920128,0.008190688902448385,0.03338592178832466,0.016628477742005203
1336.1551116795288,0.00818742458801515,0.03337492865217449,0.01662262507421475
1336.338573867045,0.00818416155009514,0.0333639387343901,0.016616774333256645
1336.522036054561,0.008180899788147369,0.03335295203417447,0.016610925518504162
1336.705498242077,0.008177639301631213,0.0333419685507307,0.016605078629330847
1336.8889604295932,0.008174380090006421,0.03333098828326205,0.01659923366511055
1337.0724226171092,0.008171122152733091,0.03332001123097188,0.016593390625217398
1337.2558848046253,0.008167865489271694,0.03330903739306367,0.01658754950902579
1337.4393469921415,0.008164610099083064,0.03329806676874107,0.016581710315910433
1337.6228091796572,0.008161355981628392,0.033287099357207826,0.01657587304524629
1337.8062713671734,0.008158103136369233,0.03327613515766782,0.016570037696408642
1337.9897335546896,0.008154851562767507,0.033265174169325076,0.01656420426877302
1338.1731957422055,0.008151601260285487,0.03325421639138372,0.016558372761715255
1338.3566579297217,0.008148352228385822,0.03324326182304804,0.016552543174611474
1338.5401201172378,0.008145104466531498,0.03323231046352245,0.016546715506838065
1338.7235823047538,0.008141857974185875,0.03322136231201146,0.016540889757771696
1338.90704449227,0.008138612750812674,0.033210417367719736,0.016535065926789334
1339.090506679786,0.008135368795875963,0.03319947562985209,0.01652924401326823
1339.273968867302,0.008132126108840173,0.033188537097613435,0.016523424016585898
1339.4574310548182,0.008128884689170095,0.03317760177020882,0.016517605936120137
1339.640893242334,0.008125644536330873,0.033166669646843436,0.016511789771249043
1339.8243554298501,0.008122405649788006,0.033155740726722595,0.016505975521350975
1340.0078176173663,0.00811916802900736,0.03314481500905174,0.016500163185804585
1340.1912798048822,0.008115931673455139,0.03313389249303644,0.01649435276398879
1340.3747419923984,0.00811269658259791,0.03312297317788242,0.016488544255282806
1340.5582041799146,0.008109462755902599,0.03311205706279549,0.016482737659066105
1340.7416663674305,0.008106230192836473,0.03310114414698164,0.016476932974718462
1340.9251285549467,0.00810299889286717,0.03309023442964696,0.016471130201619912
1341.1085907424629,0.008099768855462663,0.03307932790999769,0.016465329339150788
1341.2920529299788,0.008096540080091284,0.033068424587240144,0.016459530386691668
1341.475515117495,0.00809331256622172,0.03305752446058086,0.01645373334362344
1341.6589773050107,0.00809008631332301,0.03304662752922645,0.016447938209327266
1341.8424394925269,0.008086861320864534,0.03303573379238366,0.016442144983184564
1342.025901680043,0.008083637588316036,0.033024843249259396,0.01643635366457706
1342.209363867559,0.008080415115147595,0.03301395589906065,0.016430564252886727
1342.3928260550751,0.008077193900829649,0.03300307174099456,0.016424776747495817
1342.5762882425913,0.008073973944832979,0.032992190774268425,0.016418991147786877
1342.7597504301073,0.008070755246628722,0.03298131299808966,0.016413207453142724
1342.9432126176234,0.008067537805688363,0.03297043841166579,0.016407425662946444
1343.1266748051396,0.008064321621483721,0.0329595670142045,0.0164016457765814
1343.3101369926555,0.00806110669348697,0.0329486988049136,0.01639586779343123
1343.4935991801717,0.008057893021170635,0.03293783378300101,0.01639009171287984
1343.6770613676877,0.008054680604007582,0.03292697194767481,0.01638431753431143
1343.8605235552038,0.008051469441471022,0.03291611329814321,0.01637854525711045
1344.0439857427198,0.008048259533034514,0.03290525783361452,0.01637277488066164
1344.2274479302357,0.008045050878171955,0.03289440555329723,0.016367006404350008
1344.4109101177519,0.00804184347635759,0.032883556456399926,0.016361239827560832
1344.594372305268,0.008038637327066014,0.03287271054213135,0.01635547514967967
1344.777834492784,0.008035432429772154,0.03286186780970034,0.01634971237009234
1344.9612966803002,0.008032228783951283,0.032851028258315915,0.01634395148818495
1345.1447588678163,0.008029026389079017,0.03284019188718721,0.016338192503343864
1345.3282210553323,0.008025825244631317,0.03282935869552346,0.01633243541495573
1345.5116832428484,0.008022625350084482,0.03281852868253408,0.016326680222407457
1345.6951454303646,0.008019426704915147,0.03280770184742859,0.01632092692508623
1345.8786076178806,0.008016229308600294,0.032796878189416644,0.016315175522379505
1346.0620698053967,0.008013033160617246,0.03278605770770804,0.016309426013675007
1346.2455319929124,0.008009838260443655,0.03277524040151269,0.01630367839836073
1346.4289941804286,0.008006644607557517,0.032764426270040684,0.016297932675824935
1346.6124563679448,0.008003452201437172,0.03275361531250217,0.016292188845456163
1346.7959185554607,0.008000261041561292,0.0327428075281075,0.016286446906643222
1346.979380742977,0.007997071127408887,0.032732002916067135,0.01628070685877518
1347.162842930493,0.007993882458459306,0.03272120147559167,0.016274968701241378
1347.346305118009,0.007990695034192228,0.032710403205891796,0.016269232433431424
1347.5297673055252,0.007987508854087683,0.032699608106178404,0.01626349805473521
1347.7132294930414,0.007984323917626015,0.03268881617566248,0.01625776556454287
1347.8966916805573,0.00798114022428792,0.03267802741355515,0.016252034962244824
1348.0801538680735,0.00797795777355442,0.032667241819067674,0.016246306247231748
1348.2636160555892,0.007974776564906872,0.03265645939141142,0.01624057941889459
1348.4470782431054,0.007971596597826971,0.032645680129797953,0.016234854476624566
1348.6305404306215,0.007968417871796748,0.032634904033438904,0.016229131419813164
1348.8140026181375,0.007965240386298558,0.03262413110154609,0.01622341024785213
1348.9974648056536,0.007962064140815087,0.03261336133333144,0.016217690960133473
1349.1809269931698,0.00795888913482936,0.032602594728007,0.016211973556049475
1349.3643891806857,0.007955715367824735,0.032591831284784975,0.01620625803499268
1349.547851368202,0.007952542839284893,0.032581071002877694,0.016200544396355897
1349.731313555718,0.00794937154869385,0.032570313881497635,0.016194832639532204
1349.914775743234,0.007946201495535949,0.032559559919857387,0.016189122763914935
1350.0982379307502,0.007943032679295872,0.03254880911716969,0.016183414768897696
1350.2817001182664,0.007939865099458618,0.0325380614726474,0.016177708653874353
1350.465162305782,0.007936698755509513,0.03252731698550355,0.016172004418239037
1350.6486244932983,0.007933533646934235,0.03251657565495125,0.01616630206138615
1350.8320866808142,0.007930369773218758,0.032505837480203796,0.016160601582710342
1351.0155488683304,0.007927207133849406,0.03249510246047459,0.01615490298160653
1351.1990110558465,0.007924045728312823,0.032484370594977156,0.016149206257469906
1351.3824732433625,0.007920885556095967,0.032473641882925196,0.01614351140969591
1351.5659354308787,0.007917726616686143,0.032462916323532515,0.016137818437680244
1351.7493976183948,0.00791456890957097,0.03245219391601306,0.016132127340818887
1351.9328598059108,0.007911412434238398,0.03244147465958093,0.01612643811850807
1352.116321993427,0.007908257190176692,0.03243075855345033,0.01612075077014428
1352.299784180943,0.007905103176874448,0.032420045596835624,0.016115065295124274
1352.4832463684588,0.00790195039382059,0.03240933578895128,0.016109381692845055
1352.666708555975,0.00789879884050435,0.03239862912901193,0.016103699962703905
1352.850170743491,0.007895648516415306,0.03238792561623234,0.016098020104098356
1353.033632931007,0.00789249942104334,0.032377225249827404,0.016092342116426205
1353.2170951185233,0.007889351553878658,0.032366528029012166,0.016086665999085502
1353.4005573060392,0.007886204914411799,0.032355833953001775,0.01608099175147457
1353.5840194935554,0.007883059502133607,0.032345143021011546,0.016075319372991965
1353.7674816810716,0.007879915316535266,0.03233445523225691,0.01606964886303653
1353.9509438685875,0.00787677235710826,0.032323770585953454,0.016063980221007353
1354.1344060561037,0.007873630623344407,0.03231308908131687,0.016058313446303773
1354.3178682436198,0.007870490114735836,0.03230241071756302,0.016052648538325404
1354.5013304311358,0.007867350830775,0.03229173549390788,0.016046985496472106
1354.6847926186517,0.007864212770954677,0.03228106340956757,0.016041324320144004
1354.868254806168,0.007861075934767951,0.032270394463758345,0.016035665008741474
1355.0517169936838,0.007857940321708232,0.03225972865569658,0.016030007561665147
1355.2351791812,0.007854805931269236,0.03224906598459885,0.016024351978315924
1355.418641368716,0.007851672762945013,0.03223840644968176,0.016018698258094946
1355.6021035562321,0.007848540816229916,0.032227750050162145,0.016013046400403623
1355.7855657437483,0.00784541009061862,0.032217096785256936,0.01600739640464361
1355.9690279312642,0.00784228058560612,0.03220644665418319,0.01600174827021683
1356.1524901187804,0.007839152300687708,0.03219579965615813,0.015996101996525444
1356.3359523062966,0.00783602523535901,0.0321851557903991,0.015990457582971886
1356.5194144938125,0.007832899389115962,0.032174515056123586,0.015984815028958835
1356.7028766813287,0.007829774761454807,0.032163877452549214,0.015979174333889234
1356.8863388688446,0.007826651351872108,0.03215324297889372,0.01597353549716626
1357.0698010563606,0.007823529159864742,0.03214261163437502,0.01596789851819337
1357.2532632438767,0.007820408184929888,0.03213198341821113,0.015962263396374264
1357.4367254313927,0.007817288426565058,0.03212135832962022,0.015956630131112884
1357.6201876189089,0.007814169884268054,0.03211073636782061,0.015950998721813443
1357.803649806425,0.007811052557537004,0.032100117532030716,0.015945369167880395
1357.987111993941,0.00780793644587034,0.03208950182146913,0.015939741468718457
1358.1705741814571,0.0078048215487668045,0.03207888923535458,0.015934115623732592
1358.3540363689733,0.007801707865725452,0.0320682797729059,0.015928491632328005
1358.5374985564893,0.00779859539624565,0.03205767343334207,0.015922869493910176
1358.7209607440054,0.007795484139827069,0.032047070215882247,0.015917249207884822
1358.9044229315216,0.0077923740959696996,0.03203647011974568,0.01591163077365792
1359.0878851190373,0.007789265264173823,0.03202587314415179,0.015906014190635687
1359.2713473065535,0.007786157643940044,0.0320152792883201,0.015900399458224596
1359.4548094940697,0.007783051234769273,0.03200468855147028,0.01589478657583138
1359.6382716815856,0.007779946036162719,0.03199410093282218,0.015889175542863003
1359.8217338691018,0.007776842047621908,0.031983516431595735,0.015883566358726703
1360.0051960566177,0.0077737392686486675,0.03197293504701102,0.015877959022829947
1360.1886582441339,0.007770637698745137,0.031962356778288285,0.015872353534580465
1360.37212043165,0.007767537337413748,0.031951781624647894,0.015866749893386232
1360.555582619166,0.007764438184157255,0.031941209585310354,0.015861148098655475
1360.7390448066822,0.007761340238478698,0.031930640659496294,0.01585554814979666
1360.9225069941983,0.007758243499881445,0.03192007484642651,0.01584995004621851
1361.105969181714,0.007755147967869152,0.03190951214532191,0.015844353787330005
1361.2894313692302,0.007752053641945776,0.03189895255540356,0.015838759372540357
1361.4728935567464,0.00774896052161559,0.03188839607589267,0.01583316680125904
1361.6563557442623,0.007745868606383162,0.031877842706010545,0.015827576072895762
1361.8398179317785,0.007742777895753368,0.03186729244497867,0.015821987186860488
1362.0232801192944,0.0077396883892313735,0.03185674529201865,0.015816400142563428
1362.2067423068106,0.007736600086322665,0.031846201246352256,0.015810814939415045
1362.3902044943268,0.007733512986533011,0.03183566030720136,0.015805231576826038
1362.5736666818427,0.007730427089368495,0.031825122473788,0.015799650054207352
1362.757128869359,0.007727342394335498,0.031814587745334334,0.0157940703709702
1362.940591056875,0.0077242589009406965,0.03180405612106264,0.015788492526526005
1363.1240532443908,0.00772117660869107,0.0317935276001954,0.01578291652028647
1363.307515431907,0.007718095517093897,0.03178300218195518,0.015777342351663524
1363.4909776194231,0.007715015625656756,0.03177247986556471,0.015771770020069357
1363.674439806939,0.007711936933887523,0.031761960650246814,0.015766199524916376
1363.8579019944552,0.0077088594412943745,0.03175144453522453,0.015760630865617267
1364.0413641819714,0.007705783147385785,0.031740931519720975,0.01575506404158494
1364.2248263694873,0.007702708051670522,0.031730421602959434,0.015749499052232552
1364.4082885570035,0.00769963415365765,0.03171991478416331,0.015743935896973503
1364.5917507445195,0.007696561452856536,0.031709411062556175,0.015738374575221453
1364.7752129320356,0.007693489948776841,0.0316989104373617,0.015732815086390278
1364.9586751195518,0.00769041964092852,0.031688412907803734,0.01572725742989412
1365.1421373070677,0.007687350528821825,0.031677918473106255,0.015721701605147364
1365.3255994945837,0.007684282611967306,0.03166742713249336,0.015716147611564625
1365.5090616820999,0.007681215889875801,0.031656938885189306,0.015710595448560762
1365.6925238696158,0.007678150362058449,0.031646453730418474,0.015705045115550882
1365.875986057132,0.007675086028026676,0.03163597166740541,0.015699496611950338
1366.0594482446481,0.00767202288729221,0.03162549269537477,0.01569394993717472
1366.242910432164,0.007668960939367071,0.03161501681355137,0.015688405090639856
1366.4263726196803,0.007665900183763565,0.03160454402116014,0.015682862071761818
1366.6098348071962,0.007662840619994292,0.0315940743174262,0.015677320879956935
1366.7932969947124,0.007659782247572157,0.03158360770157474,0.01567178151464175
1366.9767591822285,0.007656725066010342,0.031573144172831163,0.015666243975233064
1367.1602213697445,0.007653669074822322,0.031562683730420954,0.01566070826114791
1367.3436835572606,0.0076506142735218675,0.03155222637356977,0.015655174371803575
1367.5271457447766,0.007647560661623041,0.03154177210150339,0.015649642306617577
1367.7106079322925,0.007644508238640192,0.03153132091344775,0.01564411206500767
1367.8940701198087,0.007641457004087959,0.03152087280862892,0.015638583646391854
1368.0775323073249,0.0076384069574812734,0.03151042778627308,0.015633057050188363
1368.2609944948408,0.0076353580983353556,0.03149998584560661,0.01562753227581568
1368.444456682357,0.00763231042616571,0.03148954698585597,0.015622009322692513
1368.6279188698732,0.007629263940488136,0.031479111206247815,0.015616488190237818
1368.811381057389,0.007626218640818716,0.0314686785060089,0.015610968877870801
1368.9948432449053,0.007623174526673826,0.03145824888436613,0.015605451385010885
1369.1783054324212,0.007620131597570119,0.031447822340546557,0.015599935711077737
1369.3617676199374,0.007617089853024547,0.03143739887377737,0.015594421855491267
1369.5452298074536,0.007614049292554344,0.031426978483285885,0.01558890981767162
1369.7286919949693,0.0076110099156770205,0.031416561168299585,0.01558339959703918
1369.9121541824854,0.007607971721910392,0.03140614692804607,0.01557789119301456
1370.0956163700016,0.007604934710772543,0.03139573576175312,0.01557238460501863
1370.2790785575176,0.007601898881781853,0.0313853276686486,0.01556687983247248
1370.4625407450337,0.007598864234456983,0.031374922647960546,0.015561376874797436
1370.64600293255,0.007595830768316873,0.031364520698917125,0.01555587573141506
1370.8294651200658,0.007592798482880757,0.031354121820746664,0.015550376401747164
1371.012927307582,0.007589767377668149,0.031343726012677604,0.015544878885215788
1371.196389495098,0.00758673745219884,0.03133333327393855,0.015539383181243196
1371.3798516826141,0.007583708705992913,0.031322943603758244,0.015533889289251906
1371.5633138701303,0.007580681138570726,0.03131255700136555,0.015528397208664658
1371.746776057646,0.007577654749452936,0.03130217346598947,0.015522906938904435
1371.9302382451622,0.007574629538160457,0.0312917929968592,0.015517418479394446
1372.1137004326783,0.0075716055042145,0.03128141559320401,0.015511931829558146
1372.2971626201943,0.007568582647136557,0.031271041254253354,0.015506446988819218
1372.4806248077105,0.007565560966448394,0.03126066997923682,0.015500963956601574
1372.6640869952266,0.007562540461672057,0.031250301767384116,0.015495482732329363
1372.8475491827426,0.007559521132329887,0.031239936617925106,0.015490003315426982
1373.0310113702587,0.007556502977944493,0.03122957453008981,0.015484525705319042
1373.214473557775,0.00755348599803876,0.031219215503108372,0.015479049901430394
1373.3979357452909,0.007550470192135859,0.031208859536211074,0.015473575903186126
1373.581397932807,0.007547455559759238,0.031198506628628348,0.01546810371001155
1373.7648601203227,0.007544442100432624,0.031188156779590758,0.015462633321332218
1373.948322307839,0.007541429813680026,0.03117780998832903,0.015457164736573914
1374.131784495355,0.007538418699025719,0.031167466254074017,0.015451697955162652
1374.315246682871,0.007535408755994265,0.031157125576056703,0.01544623297652468
1374.4987088703872,0.007532399984110498,0.031146787953508233,0.015440769800086462
1374.6821710579034,0.007529392382899539,0.03113645338565988,0.015435308425274727
1374.8656332454193,0.007526385951886766,0.031126121871743066,0.0154298488515164
1375.0490954329355,0.007523380690597857,0.031115793410989363,0.015424391078238665
1375.2325576204516,0.007520376598558744,0.031105468002630476,0.015418935104868917
1375.4160198079676,0.007517373675295645,0.031095145645898232,0.015413480930834788
1375.5994819954838,0.007514371920335059,0.03108482634002463,0.015408028555564144
1375.7829441829997,0.0075113713332037434,0.03107451008424179,0.015402577978485075
1375.9664063705156,0.007508371913428744,0.031064196877782002,0.015397129199025911
1376.1498685580318,0.007505373660537372,0.03105388671987767,0.015391682216615202
1376.3333307455478,0.007502376574057218,0.031043579609761347,0.015386237030681723
1376.516792933064,0.007499380653516144,0.031033275546665722,0.0153807936406545
1376.70025512058,0.00749638589844228,0.03102297452982365,0.015375352045962765
1376.883717308096,0.007493392308364032,0.0310126765584681,0.015369912246035983
1377.0671794956122,0.007490399882810084,0.0310023816318322,0.015364474240303863
1377.2506416831284,0.007487408621309384,0.030992089749149222,0.015359038028196331
1377.4341038706443,0.007484418523391156,0.03098180090965258,0.01535360360914354
1377.6175660581605,0.007481429588584894,0.030971515112575808,0.015348170982575873
1377.8010282456767,0.0074784418164203625,0.030961232357152608,0.015342740147923941
1377.9844904331926,0.007475455206427596,0.030950952642616807,0.015337311104618587
1378.1679526207085,0.007472469758136903,0.03094067596820239,0.015331883852090875
1378.3514148082245,0.007469485471078853,0.03093040233314347,0.01532645838977209
1378.5348769957407,0.007466502344784294,0.0309201317366743,0.01532103471709376
1378.7183391832568,0.007463520378784344,0.030909864178029305,0.015315612833487636
1378.9018013707728,0.0074605395726103875,0.030899599656443028,0.01531019273838569
1379.085263558289,0.007457559925794066,0.030889338171150145,0.015304774431220117
1379.268725745805,0.007454581437867312,0.0308790797213855,0.01529935791142335
1379.452187933321,0.007451604108362303,0.030868824306384064,0.015293943178428035
1379.6356501208372,0.007448627936811498,0.03085857192538095,0.015288530231667052
1379.8191123083534,0.007445652922747623,0.030848322577611425,0.015283119070573508
1380.0025744958693,0.007442679065703667,0.030838076262310894,0.015277709694580732
1380.1860366833855,0.007439706365212885,0.030827832978714893,0.015272302103122276
1380.3694988709012,0.007436734820808799,0.030817592726059106,0.015266896295631915
1380.5529610584174,0.0074337644320251976,0.03080735550357939,0.01526149227154366
1380.7364232459336,0.007430795198396139,0.0307971213105117,0.015256090030291741
1380.9198854334495,0.007427827119455938,0.03078689014609215,0.015250689571310603
1381.1033476209657,0.00742486019473919,0.030776662009557015,0.015245290894034933
1381.2868098084818,0.007421894423780733,0.030766436900142673,0.015239893997899618
1381.4702719959978,0.0074189298061156815,0.03075621481708569,0.015234498882339792
1381.653734183514,0.007415966341279415,0.030745995759622752,0.015229105546790796
1381.8371963710301,0.007413004028807578,0.03073577972699069,0.015223713990688212
1382.020658558546,0.007410042868236074,0.030725566718426488,0.015218324213467836
1382.2041207460622,0.007407082859101073,0.03071535673316724,0.01521293621456567
1382.3875829335784,0.007404124000939001,0.03070514977045023,0.015207549993417965
1382.5710451210941,0.0074011662932865555,0.03069494582951285,0.015202165549461178
1382.7545073086103,0.0073982097356806885,0.030684744909592655,0.015196782882131998
1382.9379694961262,0.007395254327658619,0.030674547009927326,0.01519140199086733
1383.1214316836424,0.007392300068757828,0.03066435212975472,0.01518602287510431
1383.3048938711586,0.0073893469585160545,0.030654160268312785,0.01518064553428028
1383.4883560586745,0.007386394996471296,0.030643971424839666,0.015175269967832814
1383.6718182461907,0.007383444182161815,0.030633785598573625,0.015169896175199708
1383.8552804337069,0.007380494515126131,0.030623602788753056,0.015164524155818973
1384.0387426212228,0.007377545994903032,0.03061342299461652,0.015159153909128847
1384.222204808739,0.007374598621031553,0.030603246215402707,0.015153785434567791
1384.4056669962551,0.007371652393051001,0.030593072450350457,0.01514841873157447
1384.5891291837709,0.0073687073105009274,0.030582901698698754,0.015143053799587792
1384.772591371287,0.007365763372921152,0.030572733959686727,0.01513769063804687
1384.956053558803,0.007362820579851758,0.030562569232553637,0.015132329246391038
1385.1395157463191,0.007359878930833066,0.0305524075165389,0.015126969624059855
1385.3229779338353,0.007356938425405685,0.030542248810882078,0.015121611770493103
1385.5064401213513,0.007353999063110453,0.030532093114822877,0.015116255685130777
1385.6899023088674,0.00735106084348848,0.03052194042760113,0.015110901367413087
1385.8733644963836,0.007348123766081132,0.030511790748456818,0.015105548816780468
1386.0568266838995,0.007345187830430021,0.03050164407663008,0.015100198032673564
1386.2402888714157,0.0073422530360770346,0.030491500411361193,0.015094849014533266
1386.4237510589319,0.007339319382564298,0.030481359751890574,0.01508950176180065
1386.6072132464476,0.0073363868694342,0.03047122209745879,0.015084156273917026
1386.7906754339638,0.007333455496229385,0.03046108744730654,0.015078812550323922
1386.97413762148,0.00733052526249275,0.030450955800674688,0.015073470590463083
1387.1575998089959,0.007327596167767449,0.03044082715680423,0.015068130393776469
1387.341061996512,0.0073246682115968905,0.0304307015149363,0.01506279195970626
1387.524524184028,0.007321741393524731,0.03042057887431217,0.015057455287694848
1387.7079863715442,0.0073188157130948854,0.030410459234173286,0.01505212037718485
1387.8914485590603,0.007315891169851525,0.03040034259376121,0.015046787227619091
1388.0749107465763,0.007312967763339072,0.03039022895231765,0.015041455838440618
1388.2583729340924,0.007310045493102201,0.030380118309084485,0.015036126209092704
1388.4418351216086,0.0073071243586858405,0.03037001066330371,0.015030798339018821
1388.6252973091246,0.007304204359635165,0.03035990601421747,0.015025472227662661
1388.8087594966405,0.0073012854954956075,0.03034980436106805,0.01502014787446814
1388.9922216841567,0.007298367765812853,0.030339705703097897,0.015014825278879382
1389.1756838716726,0.007295451170132835,0.030329610039549586,0.015009504440340729
1389.3591460591888,0.007292535708001736,0.030319517369665865,0.015004185358296746
1389.5426082467047,0.007289621378965999,0.030309427692689583,0.0149988680321922
1389.726070434221,0.007286708182572307,0.030299341007863752,0.014993552461472081
1389.909532621737,0.007283796118367597,0.03028925731443154,0.014988238645581593
1390.092994809253,0.0072808851858990565,0.03027917661163624,0.014982926583966147
1390.2764569967692,0.007277975384714123,0.030269098898721293,0.014977616276071377
1390.4599191842854,0.00727506671436048,0.030259024174930323,0.014972307721343137
1390.6433813718013,0.007272159174386067,0.030248952439507037,0.01496700091922748
1390.8268435593175,0.007269252764339063,0.030238883691695324,0.01496169586917068
1391.0103057468334,0.007266347483767902,0.03022881793073921,0.014956392570619226
1391.1937679343494,0.007263443332221261,0.030218755155882883,0.014951091023019818
1391.3772301218655,0.007260540309248076,0.030208695366370636,0.01494579122581938
1391.5606923093817,0.007257638414397516,0.030198638561446934,0.014940493178465025
1391.7441544968976,0.007254737647219009,0.030188584740356378,0.0149351968804041
1391.9276166844138,0.00725183800726222,0.030178533902343724,0.014929902331084155
1392.1110788719297,0.007248939494077071,0.03016848604665386,0.014924609529952962
1392.294541059446,0.00724604210721372,0.030158441172531813,0.014919318476458488
1392.478003246962,0.007243145846222579,0.030148399279222794,0.014914029170048932
1392.661465434478,0.007240250710654305,0.030138360365972106,0.014908741610172697
1392.8449276219942,0.007237356700059795,0.03012832443202525,0.0149034557962784
1393.0283898095104,0.007234463813990196,0.030118291476627812,0.014898171727814852
1393.211851997026,0.007231572051996903,0.03010826149902558,0.014892889404231108
1393.3953141845423,0.007228681413631544,0.03009823449846445,0.014887608824976403
1393.5787763720584,0.0072257918984460125,0.030088210474190476,0.014882329989500212
1393.7622385595744,0.007222903505992422,0.030078189425449847,0.014877052897252187
1393.9457007470905,0.007220016235823143,0.03006817135148892,0.014871777547682222
1394.1291629346065,0.007217130087490785,0.030058156251554162,0.014866503940240399
1394.3126251221227,0.007214245060548206,0.030048144124892224,0.014861232074377029
1394.4960873096388,0.007211361154548505,0.030038134970749874,0.014855961949542622
1394.6795494971548,0.007208478369045026,0.03002812878837404,0.014850693565187903
1394.863011684671,0.007205596703591348,0.03001812557701179,0.014845426920763802
1395.046473872187,0.007202716157741297,0.030008125335910334,0.01484016201572146
1395.2299360597028,0.00719983673104894,0.02999812806431703,0.014834898849512227
1395.413398247219,0.007196958423068586,0.029988133761479397,0.014829637421587674
1395.5968604347352,0.007194081233354785,0.029978142426645055,0.014824377731399557
1395.780322622251,0.007191205161462333,0.029968154059061808,0.014819119778399864
1395.9637848097673,0.0071883302069462585,0.029958168657977603,0.014813863562040782
1396.1472469972834,0.00718545636936183,0.029948186222640515,0.014808609081774702
1396.3307091847994,0.007182583648264573,0.029938206752298784,0.014803356337054239
1396.5141713723156,0.007179712043210232,0.029928230246200775,0.014798105327332198
1396.6976335598315,0.007176841553754795,0.02991825670359501,0.014792856052061598
1396.8810957473477,0.0071739721794545075,0.029908286123730154,0.01478760851069568
1397.0645579348638,0.007171103919865832,0.02989831850585502,0.01478236270268787
1397.2480201223796,0.007168236774545476,0.029888353849218556,0.014777118627491814
1397.4314823098957,0.007165370743050396,0.029878392153069883,0.014771876284561372
1397.614944497412,0.007162505824937776,0.02986843341665823,0.014766635673350598
1397.7984066849278,0.00715964201976504,0.029858477639232984,0.01476139679331375
1397.981868872444,0.007156779327089852,0.029848524820043704,0.014756159643905309
1398.1653310599602,0.007153917746470109,0.029838574958340063,0.014750924224579959
1398.3487932474761,0.007151057277463954,0.029828628053371893,0.01474569053479258
1398.5322554349923,0.007148197919629763,0.029818684104389166,0.014740458573998269
1398.7157176225082,0.007145339672526141,0.029808743110642005,0.01473522834165232
1398.8991798100244,0.007142482535711937,0.02979880507138067,0.01472999983721024
1399.0826419975406,0.007139626508746241,0.02978886998585557,0.014724773060127738
1399.2661041850565,0.0071367715911883674,0.029778937853317266,0.014719548009860733
1399.4495663725725,0.007133917782597874,0.02976900867301647,0.014714324685865348
1399.6330285600886,0.007131065082534552,0.02975908244420401,0.014709103087597908
1399.8164907476046,0.007128213490558427,0.0297491591661309,0.014703883214514943
1399.9999529351207,0.007125363006229757,0.029739238838048278,0.014698665066073197
1400.183415122637,0.007122513629109042,0.029729321459207404,0.014693448641729603
1400.3668773101529,0.007119665358757012,0.029719407028859734,0.014688233940941315
1400.550339497669,0.007116818194734626,0.029709495546256837,0.01468302096316568
1400.7338016851852,0.007113972136603084,0.029699587010650442,0.014677809707860257
1400.9172638727011,0.007111127183923817,0.029689681421292396,0.0146726001744828
1401.1007260602173,0.0071082833362584915,0.029679778777434745,0.014667392362491283
1401.2841882477333,0.007105440593169006,0.02966987907832963,0.014662186271343868
1401.4676504352494,0.007102598954217486,0.029659982323229354,0.014656981900498921
1401.6511126227654,0.007099758418966299,0.029650088511386386,0.014651779249415029
1401.8345748102813,0.007096918986978028,0.029640197642053306,0.014646578317550955
1402.0180369977975,0.007094080657815513,0.029630309714482876,0.01464137910436569
1402.2014991853137,0.007091243431041809,0.029620424727927967,0.014636181609318417
1402.3849613728296,0.0070884073062202025,0.02961054268164162,0.014630985831868521
1402.5684235603458,0.00708557228291422,0.029600663574877034,0.014625791771475594
1402.751885747862,0.007082738360687608,0.029590787406887503,0.014620599427599421
1402.9353479353779,0.0070799055391043576,0.029580914176926505,0.0146154087997
1403.118810122894,0.007077073817728671,0.029571043884247687,0.014610219887237532
1403.30227231041,0.007074243196124995,0.02956117652810481,0.014605032689672415
1403.4857344979262,0.007071413673858008,0.02955131210775177,0.014599847206465243
1403.6691966854423,0.007068585250492606,0.029541450622442633,0.014594663437076827
1403.852658872958,0.0070657579255939285,0.029531592071431596,0.014589481380968161
1404.0361210604742,0.0070629316987273275,0.02952173645397302,0.014584301037600453
1404.2195832479904,0.007060106569458401,0.02951188376932139,0.014579122406435111
1404.4030454355063,0.007057282537352964,0.02950203401673135,0.01457394548693374
1404.5865076230225,0.00705445960197706,0.029492187195457698,0.014568770278558147
1404.7699698105387,0.007051637762896972,0.02948234330475536,0.01456359678077034
1404.9534319980546,0.007048817019679199,0.02947250234387942,0.014558424993032535
1405.1368941855708,0.007045997371890471,0.029462664312085114,0.014553254914807134
1405.320356373087,0.00704317881909775,0.029452829208627795,0.014548086545556749
1405.503818560603,0.007040361360868217,0.029442997032763003,0.01454291988474419
1405.687280748119,0.007037544996769282,0.029433167783746376,0.014537754931832458
1405.8707429356348,0.007034729726368587,0.02942334146083376,0.014532591686284773
1406.054205123151,0.007031915549234003,0.029413518063281085,0.014527430147564541
1406.2376673106671,0.007029102464933606,0.029403697590344467,0.014522270315135363
1406.421129498183,0.007026290473035729,0.029393880041280167,0.01451711218846106
1406.6045916856992,0.007023479573108905,0.02938406541534458,0.01451195576700563
1406.7880538732154,0.007020669764721904,0.02937425371179423,0.014506801050233272
1406.9715160607313,0.0070178610474437185,0.029364444929885825,0.0145016480376084
1407.1549782482475,0.007015053420843569,0.029354639068876188,0.014496496728595612
1407.3384404357637,0.007012246884490894,0.02934483612802232,0.014491347122659714
1407.5219026232796,0.007009441437955363,0.02933503610658133,0.014486199219265694
1407.7053648107958,0.007006637080806869,0.02932523900381051,0.014481053017878762
1407.8888269983115,0.007003833812615523,0.029315444818967272,0.014475908517964303
1408.0722891858277,0.007001031632951668,0.02930565355130919,0.014470765718987918
1408.2557513733439,0.006998230541385861,0.02929586520009398,0.014465624620415393
1408.4392135608598,0.006995430537488886,0.029286079764579497,0.014460485221712716
1408.622675748376,0.00699263162083176,0.029276297244023763,0.014455347522346082
1408.8061379358921,0.006989833790985706,0.029266517637684914,0.014450211521781858
1408.989600123408,0.0069870370475221795,0.029256740944821263,0.014445077219486634
1409.1730623109243,0.006984241390012852,0.029246967164691256,0.014439944614927184
1409.3565244984404,0.006981446818029627,0.029237196296553487,0.014434813707570483
1409.5399866859564,0.006978653331144616,0.029227428339666683,0.01442968449688369
1409.7234488734725,0.006975860928930167,0.02921766329328975,0.014424556982334186
1409.9069110609887,0.0069730696109588375,0.02920790115668172,0.014419431163389526
1410.0903732485044,0.006970279376803413,0.02919814192910176,0.01441430703951747
1410.2738354360206,0.006967490226036895,0.029188385609809225,0.01440918461018598
1410.4572976235365,0.006964702158232507,0.029178632198063565,0.014404063874863194
1410.6407598110527,0.006961915172963695,0.029168881693124406,0.014398944833017463
1410.8242219985689,0.006959129269804125,0.029159134094251516,0.014393827484117331
1411.0076841860848,0.0069563444483276725,0.029149389400704794,0.014388711827631523
1411.191146373601,0.00695356070810845,0.02913964761174433,0.014383597863028988
1411.3746085611172,0.0069507780487207725,0.02912990872663031,0.014378485589778837
1411.558070748633,0.006947996469739192,0.029120172744623096,0.014373375007350402
1411.7415329361493,0.0069452159707384595,0.029110439664983195,0.0143682661152132
1411.9249951236654,0.00694243655129356,0.029100709486971237,0.014363158912836928
1412.1084573111814,0.0069396582109796864,0.029090982209848026,0.014358053399691506
1412.2919194986973,0.006936880949372263,0.02908125783287451,0.014352949575247034
1412.4753816862133,0.006934104766046915,0.029071536355311754,0.014347847438973788
1412.6588438737294,0.006931329660579501,0.02906181777642103,0.014342746990342279
1412.8423060612456,0.006928555632546081,0.02905210209546368,0.014337648228823163
1413.0257682487616,0.0069257826815229545,0.029042389311701243,0.014332551153887338
1413.2092304362777,0.006923010807086616,0.029032679424395413,0.014327455765005864
1413.392692623794,0.006920240008813782,0.029022972432808,0.014322362061649996
1413.5761548113098,0.006917470286281394,0.02901326833620097,0.0143172700432912
1413.759616998826,0.006914701639066609,0.02900356713383644,0.014312179709401116
1413.9430791863422,0.006911934066746783,0.02899386882497667,0.014307091059451582
1414.1265413738581,0.006909167568899516,0.028984173408884067,0.014302004092914645
1414.3100035613743,0.006906402145102597,0.028974480884821196,0.014296918809262519
1414.4934657488905,0.006903637794934048,0.028964791252050766,0.014291835207967628
1414.6769279364062,0.0069008745179720945,0.02895510450983561,0.014286753288502586
1414.8603901239223,0.006898112313795187,0.02894542065743873,0.014281673050340185
1415.0438523114383,0.006895351181981983,0.028935739694123268,0.014276594492953426
1415.2273144989545,0.006892591122111359,0.02892606161915252,0.014271517615815502
1415.4107766864706,0.006889832133762404,0.028916386431789936,0.014266442418399788
1415.5942388739866,0.0068870742165144175,0.028906714131299072,0.014261368900179847
1415.7777010615027,0.006884317369946923,0.02889704471694369,0.01425629706062945
1415.961163249019,0.006881561593639641,0.028887378187987638,0.014251226899222544
1416.1446254365349,0.006878806887172522,0.02887771454369496,0.014246158415433271
1416.328087624051,0.006876053250125721,0.028868053783329833,0.014241091608735972
1416.5115498115672,0.006873300682079612,0.028858395906156575,0.014236026478605177
1416.695011999083,0.0068705491826147784,0.028848740911439637,0.014230963024515592
1416.878474186599,0.006867798751312005,0.02883908879844364,0.014225901245942127
1417.061936374115,0.006865049387752305,0.028829439566433347,0.014220841142359877
1417.2453985616312,0.006862301091516897,0.028819793214673668,0.014215782713244135
1417.4288607491474,0.006859553862187215,0.028810149742429663,0.01421072595807038
1417.6123229366633,0.006856807699344894,0.028800509148966518,0.014205670876314271
1417.7957851241795,0.006854062602571794,0.02879087143354959,0.014200617467451673
1417.9792473116956,0.0068513185714499745,0.028781236595444376,0.014195565730958629
1418.1627094992116,0.006848575605561716,0.02877160463391652,0.014190515666311377
1418.3461716867278,0.006845833704489501,0.028761975548231806,0.01418546727298634
1418.529633874244,0.006843092867816032,0.02875234933765618,0.01418042055046014
1418.7130960617596,0.0068403530951242075,0.02874272600145573,0.01417537549820958
1418.8965582492758,0.006837614385997152,0.02873310553889668,0.014170332115711648
1419.080020436792,0.0068348767400181875,0.028723487949245407,0.014165290402443529
1419.263482624308,0.006832140156770851,0.02871387323176844,0.014160250357882589
1419.446944811824,0.006829404635838891,0.028704261385732448,0.0141552119815064
1419.63040699934,0.006826670176806259,0.028694652410404264,0.014150175272792697
1419.8138691868562,0.006823936779257118,0.028685046305050848,0.014145140231219423
1419.9973313743724,0.0068212044427758455,0.028675443068939304,0.014140106856264698
1420.1807935618883,0.0068184731669470155,0.028665842701336895,0.014135075147406828
1420.3642557494045,0.00681574295135542,0.028656245201511044,0.014130045104124323
1420.5477179369207,0.006813013795586059,0.028646650568729292,0.014125016725895865
1420.7311801244364,0.006810285699224134,0.028637058802259353,0.014119990012200328
1420.9146423119525,0.00680755866185506,0.02862746990136909,0.014114964962516787
1421.0981044994687,0.006804832683064458,0.028617883865326477,0.014109941576324479
1421.2815666869847,0.006802107762438149,0.028608300693399664,0.014104919853102837
1421.4650288745008,0.006799383899562172,0.028598720384856953,0.014099899792331496
1421.6484910620168,0.006796661094022767,0.028589142938966777,0.014094881393490258
1421.831953249533,0.006793939345406378,0.028579568354997708,0.014089864656059117
1422.0154154370491,0.006791218653299666,0.028569996632218507,0.014084849579518268
1422.198877624565,0.006788499017289486,0.02856042776989804,0.014079836163348073
1422.3823398120812,0.00678578043696291,0.028550861767305334,0.0140748244070291
1422.5658019995974,0.0067830629119072,0.028541298623709584,0.014069814310042075
1422.7492641871133,0.006780346441709838,0.028531738338380085,0.014064805871867933
1422.9327263746293,0.006777631025958511,0.02852218091058632,0.014059799091987794
1423.1161885621455,0.006774916664241096,0.0285126263395979,0.014054793969882944
1423.2996507496614,0.006772203356145692,0.028503074624684616,0.014049790505034887
1423.4831129371776,0.006769491101260594,0.02849352576511635,0.01404478869692528
1423.6665751246937,0.006766779899174305,0.028483979760163168,0.014039788545035986
1423.8500373122097,0.006764069749475528,0.028474436609095287,0.014034790048849045
1424.0334994997258,0.00676136065175318,0.02846489631118306,0.014029793207846687
1424.2169616872418,0.006758652605596369,0.028455358865696966,0.014024798021511315
1424.400423874758,0.00675594561059441,0.02844582427190769,0.014019804489325532
1424.5838860622741,0.006753239666336823,0.02843629252908599,0.014014812610772111
1424.76734824979,0.006750534772413337,0.028426763636502837,0.01400982238533403
1424.9508104373062,0.006747830928413874,0.028417237593429318,0.01400483381249443
1425.1342726248224,0.006745128133928564,0.02840771439913665,0.013999846891736644
1425.3177348123381,0.006742426388547744,0.028398194052896248,0.013994861622544194
1425.5011969998543,0.006739725691861943,0.028388676553979635,0.013989878004400788
1425.6846591873705,0.0067370260434618965,0.028379161901658484,0.013984896036790298
1425.8681213748864,0.006734327442938548,0.028369650095204625,0.013979915719196798
1426.0515835624026,0.006731629889883038,0.028360141133890026,0.013974937051104547
1426.2350457499185,0.006728933383886704,0.02835063501698682,0.013969960031997974
1426.4185079374347,0.006726237924541094,0.028341131743767282,0.01396498466136171
1426.6019701249509,0.006723543511437948,0.02833163131350382,0.013960010938680545
1426.7854323124668,0.0067208501441692135,0.02832213372546899,0.013955038863439472
1426.968894499983,0.006718157822327033,0.028312638978935517,0.013950068435123652
1427.1523566874992,0.0067154665455037565,0.028303147073176254,0.013945099653218445
1427.3358188750149,0.006712776313291935,0.028293658007464213,0.013940132517209386
1427.519281062531,0.006710087125284312,0.028284171781072537,0.013935167026582184
1427.7027432500472,0.006707398981073831,0.028274688393274544,0.013930203180822744
1427.8862054375631,0.006704711880253643,0.028265207843343677,0.013925240979417145
1428.0696676250793,0.006702025822417096,0.028255730130553512,0.01392028042185165
1428.2531298125955,0.006699340807157725,0.028246255254177823,0.013915321507612701
1428.4365920001114,0.006696656834069291,0.028236783213490484,0.013910364236186936
1428.6200541876276,0.006693973902745726,0.028227314007765535,0.013905408607061149
1428.8035163751435,0.006691292012781175,0.02821784763627716,0.013900454619722336
1428.9869785626597,0.0066886111637699825,0.028208384098299698,0.013895502273657673
1429.1704407501759,0.006685931355306683,0.028198923393107624,0.013890551568354507
1429.3539029376916,0.006683252586986019,0.02818946551997557,0.013885602503300376
1429.5373651252078,0.006680574858402925,0.028180010478178318,0.013880655077982997
1429.720827312724,0.006677898169152534,0.028170558266990785,0.013875709291890267
1429.9042895002399,0.006675222518830172,0.028161108885688048,0.013870765144510255
1430.087751687756,0.006672547907031377,0.028151662333545307,0.013865822635331223
1430.2712138752722,0.0066698743333518645,0.028142218609837937,0.01386088176384161
1430.4546760627882,0.006667201797387565,0.028132777713841456,0.013855942529530036
1430.6381382503043,0.006664530298734592,0.02812333964483152,0.013851004931885291
1430.8216004378203,0.00666185983698926,0.028113904402083945,0.013846068970396367
1431.0050626253364,0.006659190411748089,0.02810447198487468,0.013841134644552413
1431.1885248128526,0.0066565220226077835,0.028095042392479813,0.013836201953842771
1431.3719870003683,0.006653854669165249,0.028085615624175615,0.013831270897756962
1431.5554491878845,0.006651188351017581,0.028076191679238464,0.013826341475784678
1431.7389113754007,0.006648523067762075,0.028066770556944926,0.013821413687415796
1431.9223735629166,0.006645858818996231,0.028057352256571678,0.01381648753214038
1432.1058357504328,0.006643195604317728,0.02804793677739557,0.013811563009448666
1432.289297937949,0.006640533423324449,0.02803852411869358,0.013806640118831056
1432.472760125465,0.00663787227561447,0.028029114279742855,0.013801718859778165
1432.656222312981,0.006635212160786068,0.02801970725982068,0.013796799231780756
1432.8396845004972,0.0066325530784377,0.028010303058204473,0.01379188123432978
1433.0231466880132,0.0066298950281680315,0.028000901674171803,0.013786964866916362
1433.2066088755294,0.006627238009575914,0.02799150310700042,0.013782050129031827
1433.3900710630453,0.0066245820222603944,0.027982107355968178,0.013777137020167649
1433.5735332505612,0.006621927065820715,0.027972714420353106,0.013772225539815497
1433.7569954380774,0.006619273139856313,0.027963324299433368,0.013767315687467216
1433.9404576255934,0.006616620243966811,0.027953936992487265,0.01376240746261482
1434.1239198131095,0.006613968377752041,0.027944552498793275,0.013757500864750518
1434.3073820006257,0.006611317540812007,0.02793517081763,0.013752595893366684
1434.4908441881416,0.00660866773274692,0.027925791948276206,0.013747692547955872
1434.6743063756578,0.006606018953157181,0.027916415890010787,0.013742790828010814
1434.857768563174,0.0066033712016433845,0.02790704264211281,0.013737890733024427
1435.04123075069,0.006600724477806309,0.02789767220386146,0.013732992262489788
1435.224692938206,0.006598078781246934,0.027888304574536095,0.013728095415900166
1435.408155125722,0.006595434111566429,0.027878939753416192,0.013723200192748997
1435.5916173132382,0.00659279046836615,0.02786957773978142,0.013718306592529905
1435.7750795007544,0.006590147851247655,0.02786021853291155,0.013713414614736685
1435.95854168827,0.006587506259812678,0.027850862132086523,0.013708524258863302
1436.1420038757863,0.006584865693663161,0.02784150853658643,0.01370363552440391
1436.3254660633024,0.006582226152401222,0.027832157745691484,0.013698748410852826
1436.5089282508184,0.006579587635629182,0.027822809758682076,0.013693862917704558
1436.6923904383345,0.0065769501429495435,0.027813464574838742,0.013688979044453778
1436.8758526258507,0.0065743136739650045,0.027804122193442145,0.013684096790595337
1437.0593148133667,0.006571678228278447,0.027794782613773106,0.013679216155624261
1437.2427770008828,0.006569043805492958,0.027785445835112593,0.013674337139035764
1437.426239188399,0.006566410405211792,0.027776111856741736,0.013669459740325218
1437.609701375915,0.006563778027038411,0.027766780677941794,0.01366458395898818
1437.793163563431,0.0065611466705764575,0.027757452297994166,0.01365970979452038
1437.9766257509468,0.006558516335429773,0.027748126716180432,0.013654837246417728
1438.160087938463,0.006555887021202372,0.02773880393178228,0.013649966314176296
1438.3435501259792,0.006553258727498472,0.027729483944081573,0.013645096997292347
1438.527012313495,0.006550631453922472,0.02772016675236031,0.013640229295262308
1438.7104745010113,0.006548005200078967,0.02771085235590064,0.013635363207582787
1438.8939366885274,0.00654537996557273,0.027701540753984864,0.013630498733750569
1439.0773988760434,0.006542755750008728,0.02769223194589543,0.013625635873262602
1439.2608610635596,0.006540132552992119,0.02768292593091492,0.013620774625616016
1439.4443232510757,0.006537510374128244,0.02767362270832608,0.01361591499030812
1439.6277854385917,0.006534889213022629,0.027664322277411786,0.013611056966836389
1439.8112476261078,0.0065322690692809935,0.02765502463745508,0.013606200554698467
1439.9947098136236,0.006529649942509248,0.027645729787739142,0.013601345753392191
1440.1781720011397,0.006527031832313478,0.027636437727547303,0.013596492562415557
1440.361634188656,0.00652441473829996,0.027627148456163035,0.01359164098126674
1440.5450963761718,0.0065217986600751635,0.027617861972869973,0.01358679100944408
1440.728558563688,0.006519183597245742,0.02760857827695188,0.01358194264644611
1440.9120207512042,0.00651656954941853,0.027599297367692666,0.013577095891771512
1441.0954829387201,0.006513956516200558,0.02759001924437639,0.013572250744919153
1441.2789451262363,0.00651134449719903,0.027580743906287286,0.01356740720538808
1441.4624073137525,0.006508733492021347,0.027571471352709726,0.013562565272677504
1441.6458695012684,0.0065061235002750895,0.027562201582928186,0.01355772494628681
1441.8293316887846,0.006503514521568025,0.027552934596227346,0.013552886225715561
1442.0127938763007,0.00650090655550811,0.027543670391891994,0.013548049110463482
1442.1962560638165,0.006498299601703478,0.027534408969207093,0.013543213600030482
1442.3797182513326,0.006495693659762457,0.027525150327457736,0.013538379693916636
1442.5631804388486,0.006493088729293552,0.02751589446592917,0.013533547391622195
1442.7466426263647,0.006490484809905455,0.027506641383906787,0.013528716692647571
1442.930104813881,0.006487881901207049,0.027497391080676125,0.01352388759649337
1443.1135670013969,0.0064852800028073945,0.027488143555522863,0.013519060102660348
1443.297029188913,0.006482679114315733,0.02747889880773286,0.013514234210649446
1443.4804913764292,0.006480079235341494,0.027469656836592075,0.013509409919961768
1443.6639535639451,0.0064774803654942936,0.02746041764138666,0.0135045872300986
1443.8474157514613,0.006474882504383934,0.02745118122140287,0.013499766140561392
1444.0308779389775,0.006472285651620391,0.027441947575927144,0.013494946650851766
1444.2143401264932,0.006469689806813825,0.027432716704246053,0.013490128760471513
1444.3978023140094,0.006467094969574589,0.027423488605646314,0.013485312468922603
1444.5812645015253,0.006464501139513208,0.027414263279414784,0.01348049777570717
1444.7647266890415,0.006461908316240399,0.027405040724838493,0.013475684680327527
1444.9481888765577,0.006459316499367059,0.027395820941204595,0.013470873182286142
1445.1316510640736,0.006456725688504261,0.02738660392780041,0.013466063281085678
1445.3151132515898,0.006454135883263266,0.027377389683913372,0.013461254976228937
1445.498575439106,0.006451547083255518,0.0273681782088311,0.013456448267218923
1445.6820376266219,0.0064489592880926415,0.02735896950184135,0.013451643153558793
1445.865499814138,0.006446372497386441,0.02734976356223201,0.013446839634751873
1446.0489620016542,0.006443786710748904,0.027340560389291134,0.013442037710301669
1446.2324241891702,0.0064412019277922,0.02733135998230691,0.013437237379711846
1446.4158863766863,0.006438618148128681,0.027322162340567675,0.013432438642486253
1446.5993485642023,0.0064360353713708756,0.027312967463361926,0.013427641498128893
1446.7828107517182,0.006433453597131496,0.027303775349978292,0.013422845946143949
1446.9662729392344,0.006430872825023434,0.027294585999705558,0.013418051986035767
1447.1497351267503,0.006428293054659771,0.02728539941183265,0.013413259617308873
1447.3331973142665,0.006425714285653754,0.02727621558564865,0.013408468839467955
1447.5166595017827,0.006423136517618816,0.027267034520442778,0.013403679652017862
1447.7001216892986,0.006420559750168578,0.027257856215504417,0.013398892054463629
1447.8835838768148,0.006417983982916831,0.027248680670123076,0.013394106046310453
1448.067046064331,0.006415409215477544,0.027239507883588428,0.013389321627063688
1448.250508251847,0.006412835447464874,0.027230337855190266,0.013384538796228872
1448.433970439363,0.006410262678493156,0.027221170584218586,0.013379757553311717
1448.6174326268792,0.006407690908176898,0.02721200606996348,0.013374977897818083
1448.800894814395,0.0064051201361308,0.027202844311715196,0.013370199829254015
1448.9843570019111,0.0064025503619697275,0.02719368530876414,0.013365423347125713
1449.167819189427,0.006399981585308729,0.02718452906040088,0.013360648450939566
1449.3512813769432,0.0063974138057630355,0.027175375565916073,0.0133558751402021
1449.5347435644594,0.006394847022948046,0.027166224824600606,0.013351103414420038
1449.7182057519753,0.006392281236479352,0.027157076835745447,0.013346333273100258
1449.9016679394915,0.006389716445972714,0.02714793159864174,0.01334156471574981
1450.0851301270077,0.006387152651044069,0.027138789112580785,0.013336797741875902
1450.2685923145236,0.0063845898513095415,0.027129649376853998,0.013332032350985923
1450.4520545020398,0.0063820280463854255,0.027120512390752964,0.013327268542587423
1450.635516689556,0.006379467235888195,0.027111378153569406,0.013322506316188112
1450.8189788770717,0.0063769074194345,0.027102246664595216,0.013317745671295886
1451.0024410645879,0.006374348596641169,0.027093117923122405,0.013312986607418791
1451.185903252104,0.0063717907671252075,0.02708399192844315,0.01330822912406505
1451.36936543962,0.006369233930503797,0.02707486867984977,0.013303473220743045
1451.5528276271361,0.006366678086394298,0.027065748176634707,0.01329871889696133
1451.736289814652,0.0063641232344142425,0.027056630418090595,0.01329396615222862
1451.9197520021683,0.006361569374181341,0.02704751540351018,0.013289214986053805
1452.1032141896844,0.0063590165053134876,0.027038403132186372,0.013284465397945935
1452.2866763772004,0.006356464627428745,0.027029293603412236,0.013279717387414241
1452.4701385647165,0.006353913740145348,0.02702018681648095,0.013274970953968093
1452.6536007522327,0.006351363843081714,0.02701108277068588,0.01327022609711705
1452.8370629397484,0.006348814935856435,0.027001981465320502,0.013265482816370824
1453.0205251272646,0.006346267018088277,0.026992882899678477,0.013260741111239305
1453.2039873147808,0.006343720089396186,0.02698378707305359,0.013256000981232544
1453.3874495022967,0.006341174149399274,0.026974693984739756,0.013251262425860744
1453.5709116898129,0.006338629197716836,0.026965603634031075,0.013246525444634293
1453.7543738773288,0.006336085233968336,0.02695651602022179,0.013241790037063744
1453.937836064845,0.0063335422577734165,0.026947431142606247,0.013237056202659797
1454.1212982523612,0.0063310002687518895,0.02693834900047899,0.01323232394093333
1454.304760439877,0.006328459266523752,0.026929269593134696,0.013227593251395395
1454.4882226273933,0.006325919250709164,0.026920192919868156,0.013222864133557185
1454.6716848149094,0.006323380220928465,0.026911118979974363,0.013218136586930085
1454.8551470024252,0.0063208421768021685,0.026902047772748412,0.013213410611025624
1455.0386091899413,0.006318305117950958,0.026892979297485575,0.013208686205355508
1455.2220713774575,0.006315769043995693,0.026883913553481253,0.0132039633694316
1455.4055335649734,0.006313233954557409,0.026874850540031005,0.013199242102765938
1455.5889957524896,0.006310699849257311,0.026865790256430527,0.013194522404870707
1455.7724579400058,0.006308166727716777,0.02685673270197566,0.013189804275258279
1455.9559201275217,0.006305634589557359,0.02684767787596241,0.013185087713441165
1456.139382315038,0.006303103434400786,0.026838625777686913,0.013180372718932068
1456.3228445025538,0.006300573261868952,0.026829576406445454,0.013175659291243827
1456.50630669007,0.006298044071583933,0.026820529761534484,0.013170947429889477
1456.6897688775862,0.0062955158631679605,0.02681148584225057,0.013166237134382175
1456.8732310651021,0.006292988636243458,0.02680244464789045,0.013161528404235276
1457.0566932526183,0.006290462390433011,0.026793406177751007,0.013156821238962293
1457.2401554401342,0.006287937125359378,0.026784370431129245,0.013152115638076892
1457.4236176276502,0.006285412840645483,0.026775337407322346,0.013147411601092904
1457.6070798151663,0.006282889535914435,0.026766307105627624,0.01314270912752433
1457.7905420026825,0.006280367210789508,0.026757279525342535,0.013138008216885327
1457.9740041901985,0.006277845864894145,0.02674825466576472,0.013133308868690236
1458.1574663777146,0.006275325497851959,0.026739232526191908,0.013128611082453523
1458.3409285652306,0.006272806109286741,0.026730213105922024,0.013123914857689854
1458.5243907527467,0.006270287698822446,0.026721196404253106,0.013119220193914033
1458.707852940263,0.006267770266083203,0.026712182420483364,0.01311452709064104
1458.8913151277789,0.0062652538106933095,0.026703171153911125,0.013109835547386008
1459.074777315295,0.006262738332277237,0.02669416260383491,0.013105145563664248
1459.2582395028112,0.006260223830459624,0.026685156769553332,0.013100457138991209
1459.441701690327,0.006257710304865283,0.026676153650365193,0.013095770272882534
1459.625163877843,0.006255197755119188,0.026667153245569418,0.013091084964853996
1459.8086260653592,0.006252686180846491,0.0266581555544651,0.013086401214421553
1459.9920882528752,0.006250175581672512,0.026649160576351465,0.013081719021101324
1460.1755504403914,0.006247665957222741,0.026640168310527873,0.013077038384409564
1460.3590126279075,0.006245157307122833,0.02663117875629385,0.013072359303862724
1460.5424748154235,0.006242649630998614,0.026622191912949067,0.013067681778977398
1460.7259370029396,0.006240142928476085,0.026613207779793334,0.013063005809270339
1460.9093991904556,0.0062376371991814065,0.02660422635612662,0.013058331394258476
1461.0928613779718,0.006235132442740915,0.026595247641249025,0.013053658533458887
1461.276323565488,0.006232628658781113,0.026586271634460805,0.013048987226388817
1461.4597857530036,0.006230125846928667,0.026577298335062356,0.013044317472565663
1461.6432479405198,0.006227624006810423,0.026568327742354236,0.013039649271507001
1461.826710128036,0.006225123138053383,0.026559359855637142,0.013034982622730553
1462.010172315552,0.006222623240284725,0.026550394674211913,0.013030317525754209
1462.193634503068,0.006220124313131796,0.026541432197379533,0.013025653980096016
1462.3770966905843,0.0062176263562221026,0.026532472424441143,0.013020991985274183
1462.5605588781002,0.006215129369183324,0.02652351535469801,0.013016331540807077
1462.7440210656164,0.006212633351643309,0.026514560987451585,0.013011672646213234
1462.9274832531323,0.006210138303230068,0.02650560932200342,0.013007015301011338
1463.1109454406485,0.006207644223571786,0.026496660357655254,0.013002359504720246
1463.2944076281647,0.006205151112296807,0.02648771409370896,0.012997705256858966
1463.4778698156804,0.00620265896903365,0.02647877052946653,0.012993052556946669
1463.6613320031965,0.006200167793410993,0.026469829664230136,0.012988401404502688
1463.8447941907127,0.006197677585057684,0.026460891497302103,0.012983751799046515
1464.0282563782287,0.006195188343602741,0.026451956027984863,0.012979103740097798
1464.2117185657448,0.006192700068675342,0.02644302325558103,0.01297445722717635
1464.395180753261,0.0061902127599048375,0.026434093179393353,0.012969812259802144
1464.578642940777,0.006187726416920738,0.02642516579872471,0.012965168837495303
1464.7621051282931,0.006185241039352724,0.026416241112878165,0.012960526959776123
1464.9455673158093,0.00618275662683064,0.02640731912115688,0.012955886626165045
1465.1290295033252,0.006180273178984495,0.02639839982286422,0.012951247836182683
1465.3124916908414,0.006177790695444468,0.026389483217303656,0.012946610589349811
1465.495953878357,0.006175309175840899,0.0263805693037788,0.01294197488518734
1465.6794160658733,0.006172828619804295,0.02637165808159344,0.012937340723216364
1465.8628782533895,0.006170349026965327,0.026362749550051502,0.012932708102958133
1466.0463404409054,0.006167870396954834,0.026353843708457038,0.012928077023934031
1466.2298026284216,0.006165392729403813,0.02634494055611427,0.01292344748566564
1466.4132648159377,0.006162916023943435,0.02633604009232755,0.012918819487674666
1466.5967270034537,0.006160440280205028,0.026327142316401396,0.012914193029482993
1466.7801891909698,0.006157965497820088,0.026318247227640458,0.012909568110612658
1466.963651378486,0.006155491676420276,0.026309354825349535,0.012904944730585857
1467.147113566002,0.006153018815637413,0.026300465108833566,0.01290032288892494
1467.3305757535181,0.006150546915103488,0.026291578077397643,0.012895702585152422
1467.514037941034,0.00614807597445065,0.02628269373034702,0.012891083818790968
1467.69750012855,0.006145605993311215,0.026273812066987073,0.012886466589363415
1467.8809623160662,0.006143136971317663,0.026264933086623327,0.012881850896392733
1468.0644245035821,0.006140668908102632,0.026256056788561466,0.012877236739402078
1468.2478866910983,0.006138201803298932,0.026247183172107325,0.012872624117914747
1468.4313488786145,0.006135735656539528,0.026238312236566853,0.012868013031454194
1468.6148110661304,0.006133270467457553,0.02622944398124618,0.012863403479544039
1468.7982732536466,0.006130806235686301,0.026220578405451573,0.012858795461708053
1468.9817354411628,0.006128342960859229,0.02621171550848943,0.012854188977470168
1469.1651976286787,0.006125880642609954,0.02620285528966631,0.012849584026354466
1469.3486598161949,0.006123419280572264,0.02619399774828892,0.012844980607885196
1469.532122003711,0.006120958874380097,0.026185142883664116,0.012840378721586762
1469.715584191227,0.006118499423667563,0.02617629069509888,0.012835778366983717
1469.8990463787432,0.0061160409280689295,0.02616744118190035,0.012831179543600768
1470.0825085662589,0.006113583387218628,0.026158594343375825,0.012826582250962804
1470.265970753775,0.0061111268007512515,0.026149750178832736,0.012821986488594844
1470.4494329412912,0.006108671168301551,0.026140908687578644,0.012817392256022067
1470.6328951288071,0.006106216489504445,0.026132069868921304,0.012812799552769824
1470.8163573163233,0.00610376276399501,0.026123233722168564,0.012808208378363606
1470.9998195038395,0.0061013099914084875,0.026114400246628467,0.012803618732329075
1471.1832816913554,0.006098858171380269,0.026105569441609154,0.012799030614192033
1471.3667438788716,0.006096407303545921,0.026096741306418945,0.012794444023478443
1471.5502060663878,0.006093957387541162,0.026087915840366304,0.012789858959714434
1471.7336682539037,0.0060915084230018755,0.02607909304275982,0.012785275422426278
1471.9171304414199,0.006089060409564106,0.026070272912908265,0.01278069341114042
1472.1005926289356,0.006086613346864051,0.0260614554501205,0.012776112925383425
1472.2840548164518,0.006084167234538078,0.026052640653705595,0.012771533964682063
1472.467517003968,0.006081722072222709,0.02604382852297272,0.012766956528563217
1472.6509791914839,0.006079277859554628,0.02603501905723122,0.01276238061655395
1472.834441379,0.00607683459617068,0.02602621225579056,0.012757806228181467
1473.0179035665162,0.0060743922817078685,0.026017408117960376,0.012753233362973144
1473.2013657540322,0.006071950915803355,0.026008606643050446,0.012748662020456492
1473.3848279415483,0.006069510498094461,0.025999807830370685,0.01274409220015919
1473.5682901290645,0.0060670710282186725,0.02599101167923114,0.012739523901609071
1473.7517523165805,0.00606463250581363,0.02598221818894204,0.012734957124334118
1473.9352145040966,0.006062194930517134,0.025973427358813722,0.012730391867862473
1474.1186766916128,0.00605975830196714,0.025964639188156703,0.012725828131722428
1474.3021388791285,0.006057322619801771,0.025955853676281622,0.012721265915442436
1474.4856010666447,0.0060548878836593064,0.025947070822499287,0.012716705218551108
1474.6690632541606,0.0060524540931781775,0.025938290626120623,0.012712146040577191
1474.8525254416768,0.006050021247996981,0.025929513086456718,0.0127075883810496
1475.035987629193,0.00604758934775447,0.025920738202818806,0.012703032239497408
1475.219449816709,0.0060451583920895545,0.025911965974518263,0.012698477615449835
1475.402912004225,0.006042728380641306,0.0259031964008666,0.012693924508436247
1475.5863741917412,0.006040299313048948,0.025894429481175506,0.012689372917986186
1475.7698363792572,0.00603787118895187,0.02588566521475679,0.012684822843629331
1475.9532985667734,0.006035444007989615,0.025876903600922402,0.012680274284895512
1476.1367607542895,0.006033017769801881,0.025868144638984465,0.01267572724131473
1476.3202229418052,0.006030592474028526,0.02585938832825522,0.012671181712417124
1476.5036851293214,0.0060281681203095665,0.025850634668047056,0.012666637697732987
1476.6871473168374,0.0060257447082851774,0.02584188365767253,0.012662095196792778
1476.8706095043535,0.006023322237595685,0.02583313529644433,0.012657554209127096
1477.0540716918697,0.006020900707881579,0.025824389583675285,0.012653014734266698
1477.2375338793856,0.006018480118783501,0.025815646518678376,0.012648476771742499
1477.4209960669018,0.0060160604699422545,0.025806906100766747,0.012643940321085567
1477.604458254418,0.006013641760998793,0.02579816832925364,0.0126394053818271
1477.787920441934,0.006011223991594232,0.025789433203452505,0.012634871953498491
1477.97138262945,0.006008807161369841,0.02578070072267689,0.012630340035631248
1478.1548448169663,0.00600639126996705,0.025771970886240513,0.012625809627757056
1478.338307004482,0.006003976317027436,0.02576324369345721,0.012621280729407736
1478.5217691919981,0.00600156230219274,0.025754519143641002,0.012616753340115267
1478.7052313795143,0.005999149225104855,0.025745797236106028,0.012612227459411781
1478.8886935670303,0.005996737085405832,0.025737077970166566,0.01260770308682957
1479.0721557545464,0.005994325882737878,0.02572836134513708,0.012603180221901067
1479.2556179420624,0.00599191561674335,0.025719647360332137,0.012598658864158858
1479.4390801295785,0.005989506287064768,0.02571093601506646,0.012594139013135688
1479.6225423170947,0.005987097893344804,0.025702227308654936,0.012589620668364452
1479.8060045046107,0.005984690435226286,0.02569352124041257,0.012585103829378195
1479.9894666921268,0.005982283912352194,0.025684817809654543,0.012580588495710116
1480.172928879643,0.0059798783243656655,0.025676117015696158,0.01257607466689356
1480.356391067159,0.0059774736709099895,0.025667418857852887,0.012571562342462034
1480.539853254675,0.005975069951628617,0.02565872333544031,0.012567051521949184
1480.723315442191,0.005972667166165144,0.02565003044777418,0.012562542204888815
1480.906777629707,0.005970265314163328,0.025641340194170394,0.012558034390814885
1481.0902398172232,0.0059678643952670776,0.025632652573944974,0.012553528079261494
1481.273702004739,0.005965464409120458,0.02562396758641413,0.012549023269762908
1481.4571641922553,0.005963065355367686,0.025615285230894173,0.012544519961853531
1481.6406263797714,0.005960667233653137,0.025606605506701585,0.012540018155067927
1481.8240885672874,0.0059582700436213295,0.025597928413152986,0.012535517848940808
1482.0075507548036,0.005955873784916946,0.025589253949565138,0.01253101904300703
1482.1910129423197,0.0059534784571848185,0.025580582115254956,0.01252652173680161
1482.3744751298357,0.005951084060069936,0.025571912909539484,0.012522025929859706
1482.5579373173518,0.005948690593217434,0.025563246331735935,0.01251753162171664
1482.741399504868,0.005946298056272606,0.025554582381161657,0.012513038811907873
1482.9248616923837,0.005943906448880901,0.025545921057134123,0.01250854749996902
1483.1083238799,0.0059415157706879124,0.025537262358970986,0.01250405768543584
1483.291786067416,0.005939126021339395,0.02552860628599003,0.012499569367844262
1483.475248254932,0.005936737200481252,0.025519952837509175,0.012495082546730344
1483.6587104424482,0.005934349307759541,0.025511302012846487,0.012490597221630302
1483.8421726299641,0.0059319623428204715,0.0255026538113202,0.012486113392080502
1484.0256348174803,0.0059295763053104035,0.025494008232248667,0.012481631057617463
1484.2090970049965,0.005927191194875853,0.025485365274950406,0.012477150217777852
1484.3925591925124,0.005924807011163482,0.025476724938744054,0.012472670872098478
1484.5760213800286,0.005922423753820112,0.02546808722294842,0.012468193020116314
1484.7594835675447,0.0059200414224927144,0.025459452126882443,0.012463716661368467
1484.9429457550605,0.005917660016828408,0.025450819649865213,0.01245924179539221
1485.1264079425766,0.005915279536474468,0.025442189791215965,0.01245476842172495
1485.3098701300928,0.005912899981078319,0.025433562550254085,0.012450296539904262
1485.4933323176087,0.005910521350287538,0.025424937926299084,0.012445826149467848
1485.676794505125,0.005908143643749847,0.02541631591867064,0.01244135724995357
1485.8602566926409,0.005905766861113131,0.02540769652668857,0.012436889840899449
1486.043718880157,0.005903391002025417,0.025399079749672832,0.012432423921843636
1486.2271810676732,0.005901016066134889,0.025390465586943516,0.01242795949232444
1486.4106432551891,0.005898642053089877,0.025381854037820877,0.012423496551880324
1486.5941054427053,0.0058962689625388625,0.02537324510162532,0.012419035100049897
1486.7775676302215,0.005893896794130478,0.02536463877767737,0.012414575136371902
1486.9610298177372,0.005891525547513511,0.025356035065297728,0.01241011666038526
1487.1444920052534,0.00588915522233689,0.025347433963807196,0.012405659671629009
1487.3279541927695,0.005886785818249704,0.02533883547252678,0.012401204169642362
1487.5114163802855,0.005884417334901184,0.025330239590777577,0.01239675015396466
1487.6948785678017,0.005882049771940717,0.025321646317880853,0.012392297624135403
1487.8783407553178,0.0058796831290178365,0.02531305565315802,0.012387846579694241
1488.0618029428338,0.005877317405782225,0.025304467595930642,0.012383397020180967
1488.24526513035,0.005874952601883716,0.025295882145520393,0.012378948945135517
1488.4287273178659,0.005872588716972297,0.025287299301249122,0.012374502354097988
1488.612189505382,0.0058702257506981,0.025278719062438837,0.012370057246608623
1488.7956516928982,0.005867863702711402,0.025270141428411653,0.012365613622207793
1488.979113880414,0.005865502572662639,0.025261566398489844,0.012361171480436044
1489.16257606793,0.005863142360202396,0.025252993971995846,0.012356730820834057
1489.3460382554463,0.005860783064981392,0.02524442414825222,0.012352291642942659
1489.5295004429622,0.0058584246866505135,0.025235856926581673,0.012347853946302823
1489.7129626304784,0.005856067224860782,0.025227292306307048,0.012343417730455669
1489.8964248179946,0.005853710679263378,0.025218730286751374,0.012338982994942483
1490.0798870055105,0.005851355049509623,0.025210170867237775,0.01233454973930467
1490.2633491930267,0.005849000335250994,0.02520161404708956,0.012330117963083805
1490.4468113805426,0.005846646536139109,0.025193059825630144,0.012325687665821596
1490.6302735680588,0.005844293651825739,0.025184508202183115,0.012321258847059901
1490.813735755575,0.005841941681962802,0.0251759591760722,0.012316831506340734
1490.997197943091,0.005839590626202365,0.025167412746621265,0.012312405643206247
1491.180660130607,0.005837240484196636,0.02515886891315432,0.01230798125719873
1491.364122318123,0.00583489125559798,0.025150327674995525,0.012303558347860644
1491.547584505639,0.005832542940058907,0.025141789031469186,0.012299136914734575
1491.7310466931551,0.0058301955372320755,0.02513325298189974,0.012294716957363266
1491.9145088806713,0.005827849046770284,0.025124719525611787,0.012290298475289603
1492.0979710681872,0.005825503468326489,0.025116188661930067,0.012285881468056621
1492.2814332557034,0.005823158801553785,0.025107660390179438,0.012281465935207491
1492.4648954432196,0.005820815046105421,0.025099134709684952,0.012277051876285553
1492.6483576307355,0.005818472201634789,0.025090611619771754,0.01227263929083427
1492.8318198182517,0.0058161302677954265,0.02508209111976516,0.012268228178397254
1493.0152820057676,0.005813789244241022,0.02507357320899064,0.01226381853851828
1493.1987441932838,0.005811449130625411,0.025065057886773785,0.01225941037074125
1493.3822063808,0.005809109926602567,0.025056545152440345,0.012255003674610224
1493.5656685683157,0.005806771631826623,0.025048035005316216,0.012250598449669402
1493.7491307558319,0.005804434245951845,0.025039527444727427,0.01224619469546313
1493.932592943348,0.005802097768632655,0.025031022470000153,0.012241792411535899
1494.116055130864,0.0057997621995236216,0.02502252008046073,0.012237391597432356
1494.2995173183801,0.00579742753827945,0.025014020275435617,0.012232992252697273
1494.4829795058963,0.005795093784554999,0.02500552305425143,0.012228594376875587
1494.6664416934123,0.005792760938005272,0.024997028416234926,0.01222419796951237
1494.8499038809284,0.005790428998285415,0.024988536360713,0.012219803030152836
1495.0333660684444,0.0057880979650507276,0.024980046887012698,0.01221540955834236
1495.2168282559605,0.005785767837956644,0.024971559994461212,0.012211017553626446
1495.4002904434767,0.00578343861665875,0.024963075682385878,0.012206627015550746
1495.5837526309924,0.0057811103008127765,0.02495459395011416,0.012202237943661062
1495.7672148185086,0.0057787828900746,0.02494611479697369,0.012197850337503337
1495.9506770060248,0.005776456384100239,0.02493763822229222,0.01219346419662366
1496.1341391935407,0.005774130782545863,0.02492916422539768,0.012189079520568271
1496.3176013810569,0.005771806085067776,0.024920692805618115,0.01218469630888354
1496.501063568573,0.005769482291322437,0.024912223962281713,0.01218031456111599
1496.684525756089,0.005767159400966445,0.02490375769471683,0.012175934276812295
1496.8679879436052,0.005764837413656541,0.02489529400225194,0.01217155545551926
1497.0514501311213,0.00576251632904962,0.024886832884215677,0.012167178096783844
1497.2349123186373,0.00576019614680271,0.024878374339936817,0.012162802200153148
1497.4183745061534,0.005757876866572989,0.024869918368744266,0.012158427765174413
1497.6018366936692,0.0057555584880177825,0.024861464969967093,0.012154054791395027
1497.7852988811853,0.005753241010794547,0.02485301414293451,0.012149683278362525
1497.9687610687015,0.005750924434560898,0.024844565886975863,0.012145313225624585
1498.1522232562174,0.005748608758974587,0.024836120201420644,0.012140944632729021
1498.3356854437336,0.00574629398369351,0.02482767708559848,0.0121365774992238
1498.5191476312498,0.005743980108375709,0.02481923653883917,0.01213221182465703
1498.7026098187657,0.005741667132679365,0.024810798560472625,0.01212784760857696
1498.886072006282,0.005739355056262806,0.024802363149828918,0.012123484850531985
1499.069534193798,0.0057370438787845025,0.02479393030623826,0.012119123550070644
1499.252996381314,0.00573473359990307,0.02478550002903101,0.012114763706741622
1499.4364585688302,0.005732424219277263,0.024777072317537664,0.012110405320093737
1499.619920756346,0.005730115736565981,0.024768647171088867,0.012106048389675958
1499.803382943862,0.005727808151428267,0.0247602245890154,0.012101692915037394
1499.9868451313782,0.0057255014635233074,0.0247518045706482,0.012097338895727306
1500.1703073188942,0.005723195672510428,0.02474338711531834,0.012092986331295085
1500.3537695064103,0.005720890778049099,0.02473497222235705,0.012088635221290275
1500.5372316939265,0.005718586779798935,0.02472655989109568,0.012084285565262557
1500.7206938814425,0.0057162836774196915,0.024718150120865732,0.012079937362761759
1500.9041560689586,0.0057139814705712616,0.024709742910998863,0.012075590613337841
1501.0876182564748,0.005711680158913691,0.02470133826082686,0.012071245316540927
1501.2710804439907,0.005709379742107157,0.024692936169681663,0.012066901471921259
1501.454542631507,0.005707080219811985,0.024684536636895352,0.012062559079029237
1501.638004819023,0.005704781591688642,0.02467613966180015,0.012058218137415401
1501.821467006539,0.005702483857397731,0.024667745243728417,0.01205387864663043
1502.004929194055,0.005700187016600003,0.024659353382012673,0.012049540606225147
1502.188391381571,0.005697891068956348,0.02465096407598557,0.01204520401575052
1502.371853569087,0.005695596014127799,0.024642577324979903,0.012040868874757651
1502.5553157566032,0.005693301851775526,0.024634193128328607,0.012036535182797788
1502.7387779441192,0.0056910085815608455,0.024625811485364774,0.012032202939422332
1502.9222401316354,0.005688716203145217,0.024617432395421635,0.01202787214418281
1503.1057023191515,0.005686424716190227,0.024609055857832553,0.012023542796630898
1503.2891645066675,0.005684134120357622,0.02460068187193105,0.012019214896318414
1503.4726266941836,0.005681844415309276,0.02459231043705077,0.012014888442797307
1503.6560888816998,0.005679555600707206,0.024583941552525516,0.012010563435619685
1503.8395510692158,0.005677267676213575,0.02457557521768925,0.01200623987433779
1504.023013256732,0.005674980641490682,0.024567211431876044,0.012001917758504005
1504.2064754442476,0.00567269449620097,0.024558850194420133,0.011997597087670852
1504.3899376317638,0.005670409240007016,0.02455049150465589,0.011993277861390999
1504.57339981928,0.005668124872571541,0.024542135361917832,0.011988960079217247
1504.756862006796,0.005665841393557409,0.02453378176554062,0.01198464374070255
1504.940324194312,0.005663558802627622,0.024525430714859055,0.011980328845399995
1505.1237863818283,0.0056612770994453184,0.024517082209208087,0.011976015392862815
1505.3072485693442,0.00565899628367378,0.024508736247922814,0.011971703382644378
1505.4907107568604,0.005656716354976427,0.024500392830338457,0.011967392814298195
1505.6741729443766,0.005654437313016822,0.024492051955790392,0.011963083687377921
1505.8576351318925,0.005652159157458662,0.024483713623614147,0.011958776001437351
1506.0410973194087,0.005649881887965788,0.02447537783314537,0.01195446975603041
1506.2245595069248,0.005647605504202179,0.024467044583719882,0.011950164950711186
1506.4080216944405,0.005645330005831952,0.024458713874673618,0.011945861585033883
1506.5914838819567,0.005643055392519364,0.024450385705342685,0.011941559658552862
1506.7749460694727,0.005640781663928812,0.024442060075063308,0.011937259170822622
1506.9584082569888,0.005638508819724832,0.024433736983171854,0.01193296012139779
1507.141870444505,0.005636236859572097,0.024425416429004858,0.011928662509833151
1507.325332632021,0.005633965783135418,0.02441709841189898,0.011924366335683617
1507.5087948195371,0.00563169559007975,0.024408782931191024,0.011920071598504247
1507.6922570070533,0.0056294262800701805,0.02440046998621794,0.01191577829785024
1507.8757191945692,0.005627157852771939,0.024392159576316824,0.011911486433276929
1508.0591813820854,0.005624890307850388,0.024383851700824907,0.011907196004339789
1508.2426435696016,0.0056226236449710395,0.024375546359079563,0.011902907010594441
1508.4261057571173,0.005620357863799534,0.024367243550418315,0.011898619451596638
1508.6095679446335,0.005618092964001652,0.024358943274178826,0.011894333326902278
1508.7930301321494,0.005615828945243314,0.024350645529698907,0.011890048636067397
1508.9764923196656,0.005613565807190577,0.024342350316316506,0.011885765378648168
1509.1599545071817,0.005611303549509634,0.024334057633369707,0.011881483554200904
1509.3434166946977,0.0056090421718668175,0.02432576748019675,0.01187720316228206
1509.5268788822139,0.005606781673928604,0.024317479856135995,0.01187292420244823
1509.71034106973,0.005604522055361595,0.02430919476052599,0.011868646674256146
1509.893803257246,0.005602263315832537,0.024300912192705377,0.011864370577262678
1510.0772654447621,0.005600005455008312,0.024292632152012966,0.011860095911024833
1510.2607276322783,0.005597748472555946,0.024284354637787706,0.011855822675099771
1510.444189819794,0.005595492368142588,0.024276079649368683,0.011851550869044773
1510.6276520073102,0.005593237141435536,0.024267807186095145,0.011847280492417272
1510.8111141948264,0.00559098279210222,0.024259537247306444,0.011843011544774828
1510.9945763823423,0.005588729319810207,0.02425126983234211,0.011838744025675146
1511.1780385698585,0.005586476724227204,0.024243004940541803,0.011834477934676076
1511.3615007573744,0.00558422500502105,0.024234742571245325,0.011830213271335595
1511.5449629448906,0.005581974161859724,0.024226482723792613,0.011825950035211825
1511.7284251324068,0.005579724194411341,0.02421822539752377,0.011821688225863027
1511.9118873199227,0.005577475102344149,0.024209970591779015,0.011817427842847597
1512.0953495074389,0.005575226885326538,0.02420171830589872,0.011813168885724071
1512.278811694955,0.0055729795430270275,0.0241934685392234,0.011808911354051124
1512.462273882471,0.005570733075114278,0.02418522129109372,0.011804655247387568
1512.645736069987,0.005568487481257088,0.02417697656085048,0.011800400565292355
1512.829198257503,0.005566242761124387,0.02416873434783461,0.011796147307324575
1513.012660445019,0.00556399891438524,0.024160494651387192,0.01179189547304345
1513.1961226325352,0.005561755940708851,0.02415225747084947,0.011787645062008351
1513.3795848200512,0.005559513839764558,0.02414402280556279,0.01178339607377877
1513.5630470075673,0.005557272611221836,0.024135790654868684,0.011779148507914356
1513.7465091950835,0.005555032254750292,0.024127561018108794,0.011774902363974885
1513.9299713825994,0.005552792770019672,0.02411933389462492,0.011770657641520275
1514.1134335701156,0.005550554156699856,0.024111109283758994,0.011766414340110573
1514.2968957576318,0.005548316414460861,0.0241028871848531,0.011762172459305978
1514.4803579451477,0.005546079542972834,0.02409466759724946,0.011757931998666812
1514.663820132664,0.005543843541906062,0.024086450520290438,0.011753692957753543
1514.8472823201798,0.005541608410930965,0.024078235953318528,0.011749455336126771
1515.0307445076958,0.005539374149718099,0.024070023895676387,0.011745219133347237
1515.214206695212,0.005537140757938151,0.02406181434670681,0.011740984348975823
1515.397668882728,0.00553490823526195,0.024053607305752723,0.01173675098257354
1515.581131070244,0.0055326765813604505,0.024045402772157196,0.011732519033701538
1515.7645932577602,0.005530445795904747,0.02403720074526346,0.011728288501921109
1515.9480554452762,0.0055282158785660675,0.02402900122441486,0.011724059386793674
1516.1315176327923,0.005525986829015773,0.0240208042089549,0.011719831687880797
1516.3149798203085,0.005523758646925362,0.024012609698227223,0.011715605404744183
1516.4984420078245,0.005521531331966463,0.024004417691575613,0.01171138053694566
1516.6819041953406,0.005519304883810841,0.023996228188343995,0.011707157084047206
1516.8653663828568,0.005517079302130394,0.023988041187876435,0.011702935045610924
1517.0488285703725,0.0055148545865971515,0.023979856689517142,0.011698714421199062
1517.2322907578887,0.0055126307368832846,0.02397167469261047,0.011694495210374004
1517.4157529454048,0.005510407752661086,0.023963495196500907,0.011690277412698263
1517.5992151329208,0.005508185633602994,0.023955318200533097,0.0116860610277345
1517.782677320437,0.005505964379381572,0.0239471437040518,0.011681846055045495
1517.966139507953,0.00550374398966952,0.02393897170640195,0.01167763249419419
1518.149601695469,0.005501524464139673,0.023930802206928607,0.011673420344743637
1518.3330638829852,0.005499305802464996,0.023922635204976964,0.011669209606257043
1518.5165260705012,0.005497088004318588,0.023914470699892366,0.011665000278297734
1518.6999882580174,0.005494871069373681,0.023906308691020308,0.01166079236042919
1518.8834504455335,0.005492654997303643,0.023898149177706406,0.011656585852215011
1519.0669126330492,0.005490439787781968,0.02388999215929643,0.011652380753218942
1519.2503748205654,0.005488225440482289,0.023881837635136287,0.011648177063004863
1519.4338370080816,0.005486011955078368,0.02387368560457204,0.011643974781136787
1519.6172991955975,0.0054837993312441035,0.023865536066949862,0.011639773907178859
1519.8007613831137,0.005481587568653525,0.023857389021616108,0.011635574440695372
1519.9842235706299,0.0054793766669807885,0.023849244467917245,0.011631376381250742
1520.1676857581458,0.005477166625900191,0.023841102405199894,0.011627179728409525
1520.351147945662,0.005474957445086159,0.023832962832810813,0.011622984481736414
1520.534610133178,0.005472749124213247,0.0238248257500969,0.011618790640796234
1520.718072320694,0.0054705416629561455,0.02381669115640519,0.011614598205153946
1520.9015345082103,0.005468335060989682,0.023808559051082874,0.01161040717437465
1521.084996695726,0.0054661293179887995,0.023800429433477273,0.01160621754802357
1521.2684588832421,0.0054639244336285924,0.023792302302935858,0.011602029325666084
1521.4519210707583,0.0054617204075842725,0.023784177658806242,0.011597842506867686
1521.6353832582743,0.005459517239531192,0.023776055500436162,0.011593657091194016
1521.8188454457904,0.00545731492914483,0.023767935827173507,0.011589473078210843
1522.0023076333066,0.0054551134761007996,0.023759818638366317,0.011585290467484079
1522.1857698208225,0.00545291288007484,0.023751703933362754,0.011581109258579752
1522.3692320083387,0.00545071314074283,0.023743591711511143,0.011576929451064056
1522.5526941958547,0.005448514257780773,0.023735481972159935,0.011572751044503289
1522.7361563833708,0.005446316230864805,0.023727374714657724,0.011568574038463893
1522.919618570887,0.005444119059671196,0.02371926993835324,0.011564398432512456
1523.103080758403,0.0054419227438763425,0.02371116764259537,0.011560224226215682
1523.2865429459189,0.005439727283156774,0.023703067826733135,0.011556051419140428
1523.470005133435,0.005437532677189153,0.02369497049011569,0.011551880010853673
1523.653467320951,0.005435338925650268,0.023686875632092333,0.011547710000922525
1523.8369295084672,0.0054331460282170405,0.023678783252012513,0.011543541388914239
1524.0203916959833,0.005430953984566523,0.023670693349225815,0.0115393741743962
1524.2038538834993,0.005428762794375901,0.02366260592308196,0.011535208356935932
1524.3873160710154,0.005426572457322483,0.023654520972930814,0.011531043936101078
1524.5707782585316,0.0054243829730837145,0.02364643849812239,0.011526880911459429
1524.7542404460476,0.005422194341337167,0.02363835849800682,0.0115227192825789
1524.9377026335637,0.005420006561760546,0.0236302809719344,0.011518559049027545
1525.1211648210797,0.005417819634031682,0.023622205919255557,0.011514400210373551
1525.3046270085958,0.005415633557828542,0.02361413333932087,0.011510242766185244
1525.4880891961118,0.005413448332829216,0.023606063231481043,0.011506086716031072
1525.6715513836277,0.005411263958711927,0.02359799559508693,0.011501932059479626
1525.855013571144,0.005409080435155028,0.02358993042948953,0.011497778796099622
1526.03847575866,0.005406897761837001,0.023581867734039964,0.011493626925459922
1526.221937946176,0.00540471593843646,0.02357380750808951,0.011489476447129507
1526.4054001336922,0.005402534964632143,0.02356574975098958,0.0114853273606775
1526.5888623212084,0.00540035484010292,0.023557694462091737,0.011481179665673153
1526.7723245087243,0.005398175564527793,0.023549641640747673,0.011477033361685858
1526.9557866962405,0.00539599713758589,0.023541591286309234,0.011472888448285132
1527.1392488837564,0.00539381955895647,0.023533543398128375,0.011468744925040625
1527.3227110712726,0.005391642828318916,0.02352549797555724,0.011464602791522126
1527.5061732587887,0.005389466945352746,0.023517455017948063,0.011460462047299547
1527.6896354463045,0.0053872919097376045,0.02350941452465326,0.011456322691942949
1527.8730976338206,0.0053851177211532665,0.02350137649502537,0.011452184725022515
1528.0565598213368,0.005382944379279631,0.023493340928417077,0.011448048146108558
1528.2400220088527,0.005380771883796731,0.023485307824181192,0.011443912954771526
1528.423484196369,0.005378600234384725,0.023477277181670676,0.011439779150582008
1528.606946383885,0.0053764294307238995,0.023469249000238633,0.011435646733110705
1528.790408571401,0.005374259472494673,0.02346122327923831,0.01143151570192848
1528.9738707589172,0.005372090359377586,0.023453200018023083,0.0114273860566063
1529.1573329464334,0.005369922091053312,0.02344517921594648,0.011423257796715278
1529.3407951339493,0.0053677546672026575,0.02343716087236217,0.011419130921826667
1529.5242573214655,0.005365588087506542,0.023429144986623945,0.011415005431511832
1529.7077195089812,0.005363422351646026,0.02342113155808576,0.011410881325342286
1529.8911816964974,0.005361257459302296,0.023413120586101687,0.011406758602889666
1530.0746438840135,0.005359093410156659,0.023405112070025956,0.011402637263725743
1530.2581060715295,0.005356930203890562,0.023397106009212937,0.011398517307422426
1530.4415682590457,0.005354767840185563,0.023389102403017135,0.011394398733551749
1530.6250304465618,0.005352606318723365,0.023381101250793186,0.011390281541685872
1530.8084926340778,0.005350445639185786,0.023373102551895886,0.011386165731397103
1530.991954821594,0.005348285801254775,0.02336510630568015,0.011382051302257867
1531.17541700911,0.005346126804612413,0.023357112511501063,0.011377938253840734
1531.358879196626,0.005343968648940901,0.023349121168713818,0.01137382658571839
1531.5423413841422,0.005341811333922574,0.02334113227667376,0.011369716297463663
1531.725803571658,0.005339654859239888,0.023333145834736384,0.01136560738864951
1531.909265759174,0.005337499224575426,0.02332516184225731,0.011361499858849019
1532.0927279466903,0.0053353444296119065,0.0233171802985923,0.011357393707635409
1532.2761901342062,0.005333190474032164,0.023309201203097266,0.01135328893458203
1532.4596523217224,0.005331037357519165,0.02330122455512825,0.011349185539262365
1532.6431145092386,0.0053288850797560015,0.023293250354041457,0.011345083521250025
1532.8265766967545,0.005326733640425894,0.023285278599193195,0.011340982880118759
1533.0100388842707,0.005324583039212187,0.023277309289939922,0.011336883615442436
1533.1935010717868,0.005322433275798354,0.023269342425638266,0.011332785726795061
1533.3769632593028,0.005320284349867994,0.023261378005644963,0.011328689213750777
1533.560425446819,0.005318136261104828,0.02325341602931689,0.01132459407588385
1533.7438876343351,0.005315989009192708,0.02324545649601109,0.011320500312768673
1533.9273498218508,0.005313842593815615,0.023237499405084718,0.011316407923979779
1534.110812009367,0.005311697014657649,0.023229544755895084,0.011312316909091834
1534.294274196883,0.005309552271403037,0.02322159254779963,0.011308227267679615
1534.4777363843991,0.005307408363736136,0.023213642780155946,0.011304138999318054
1534.6611985719153,0.005305265291341428,0.023205695452321755,0.0113000521035822
1534.8446607594312,0.005303123053903514,0.023197750563654914,0.011295966580047225
1535.0281229469474,0.00530098165110713,0.02318980811351343,0.011291882428288451
1535.2115851344636,0.005298841082637133,0.02318186810125545,0.011287799647881317
1535.3950473219795,0.005296701348178506,0.023173930526239263,0.011283718238401397
1535.5785095094957,0.005294562447416355,0.02316599538782328,0.011279638199424393
1535.7619716970119,0.005292424380035918,0.02315806268536607,0.011275559530526138
1535.9454338845278,0.0052902871457225515,0.023150132418226325,0.011271482231282593
1536.1288960720437,0.005288150744161739,0.023142204585762903,0.011267406301269853
1536.3123582595597,0.005286015175039092,0.023134279187334777,0.01126333174006414
1536.4958204470759,0.0052838804380403405,0.023126356222301064,0.011259258547241805
1536.679282634592,0.0052817465328513485,0.023118435690021023,0.011255186722379327
1536.862744822108,0.005279613459158096,0.02311051758985406,0.011251116265053327
1537.0462070096241,0.0052774812166466924,0.02310260192115971,0.01124704717484054
1537.2296691971403,0.005275349805003374,0.023094688683297657,0.01124297945131784
1537.4131313846563,0.005273219223914497,0.023086777875627705,0.011238913094062223
1537.5965935721724,0.005271089473066546,0.02307886949750983,0.011234848102650831
1537.7800557596886,0.005268960552146125,0.023070963548304117,0.011230784476660913
1537.9635179472045,0.0052668324608399686,0.0230630600273708,0.011226722215669864
1538.1469801347207,0.005264705198834928,0.02305515893407025,0.011222661319255194
1538.3304423222369,0.005262578765817989,0.023047260267763,0.011218601786994563
1538.5139045097526,0.005260453161476253,0.02303936402780968,0.01121454361846574
1538.6973666972688,0.005258328385496948,0.0230314702135711,0.011210486813246635
1538.8808288847847,0.005256204437567429,0.02302357882440818,0.011206431370915282
1539.0642910723009,0.005254081317375167,0.023015689859681998,0.01120237729104984
1539.247753259817,0.005251959024607768,0.02300780331875376,0.011198324573228613
1539.431215447333,0.005249837558952952,0.022999919200984816,0.011194273217030015
1539.6146776348492,0.005247716920098569,0.02299203750573666,0.011190223222032602
1539.7981398223653,0.005245597107732591,0.022984158232370905,0.01118617458781505
1539.9816020098813,0.005243478121543112,0.02297628138024933,0.011182127313956172
1540.1650641973974,0.005241359961218351,0.02296840694873383,0.0111780814000349
1540.3485263849136,0.0052392426264466505,0.022960534937186472,0.011174036845630307
1540.5319885724293,0.005237126116916471,0.022952665344969418,0.011169993650321583
1540.7154507599455,0.005235010432316408,0.022944798171444993,0.011165951813688053
1540.8989129474614,0.005232895572335168,0.022936933415975656,0.011161911335309166
1541.0823751349776,0.005230781536661589,0.022929071077924017,0.011157872214764502
1541.2658373224938,0.005228668324984627,0.022921211156652813,0.011153834451633777
1541.4492995100097,0.005226555936993364,0.022913353651524915,0.011149798045496817
1541.632761697526,0.0052244443723770025,0.02290549856190334,0.011145762995933593
1541.816223885042,0.005222333630824871,0.02289764588715125,0.011141729302524198
1541.999686072558,0.0052202237120264165,0.022889795626631924,0.011137696964848846
1542.1831482600742,0.005218114615671213,0.022881947779708818,0.0111336659824879
1542.3666104475903,0.0052160063414489555,0.022874102345745488,0.011129636355021824
1542.550072635106,0.005213898889049457,0.022866259324105652,0.011125608082031233
1542.7335348226222,0.005211792258162663,0.02285841871415315,0.01112158116309685
1542.9169970101384,0.00520968644847863,0.022850580515251982,0.011117555597799545
1543.1004591976543,0.005207581459687546,0.022842744726766263,0.011113531385720308
1543.2839213851705,0.005205477291479718,0.022834911348060264,0.011109508526440246
1543.4673835726865,0.005203373943545572,0.022827080378498392,0.011105487019540611
1543.6508457602026,0.005201271415575659,0.022819251817445183,0.01110146686460277
1543.8343079477188,0.005199169707260655,0.022811425664265323,0.011097448061208229
1544.0177701352347,0.005197068818291352,0.02280360191832362,0.011093430608938604
1544.201232322751,0.005194968748358665,0.022795780578985035,0.011089414507375654
1544.384694510267,0.005192869497153636,0.022787961645614675,0.011085399756101264
1544.5681566977828,0.005190771064367424,0.02278014511757776,0.01108138635469744
1544.751618885299,0.0051886734496913115,0.022772330994239684,0.011077374302746324
1544.9350810728151,0.005186576652816699,0.022764519274965936,0.011073363599830166
1545.118543260331,0.005184480673435114,0.022756709959122184,0.011069354245531373
1545.3020054478473,0.005182385511238203,0.022748903046074194,0.011065346239432448
1545.4854676353632,0.005180291165917733,0.02274109853518791,0.011061339581116042
1545.6689298228794,0.005178197637165593,0.022733296425829403,0.011057334270164934
1545.8523920103955,0.005176104924673793,0.02272549671736486,0.011053330306162013
1546.0358541979115,0.005174013028134465,0.02271769940916063,0.011049327688690306
1546.2193163854276,0.005171921947239861,0.02270990450058319,0.011045326417332964
1546.4027785729438,0.005169831681682354,0.02270211199099916,0.011041326491673274
1546.5862407604598,0.005167742231154439,0.022694321879775294,0.011037327911294635
1546.7697029479757,0.0051656535953487305,0.022686534166278492,0.011033330675780582
1546.9531651354919,0.005163565773957964,0.022678748849875776,0.011029334784714769
1547.1366273230078,0.005161478766674999,0.022670965929934332,0.01102534023768099
1547.320089510524,0.005159392573192813,0.02266318540582145,0.011021347034263152
1547.5035516980402,0.005157307193204499,0.022655407276904592,0.011017355174045293
1547.687013885556,0.005155222626403278,0.022647631542551335,0.01101336465661158
1547.8704760730723,0.0051531388724824915,0.022639858202129392,0.011009375481546303
1548.0539382605882,0.005151055931135596,0.022632087255006643,0.011005387648433878
1548.2374004481044,0.005148973802056172,0.022624318700551073,0.011001401156858855
1548.4208626356206,0.005146892484937919,0.022616552538130826,0.010997416006405896
1548.6043248231365,0.005144811979474656,0.022608788767114175,0.010993432196659802
1548.7877870106527,0.005142732285360327,0.022601027386869536,0.010989449727205497
1548.9712491981688,0.0051406534022889906,0.022593268396765447,0.010985468597628025
1549.1547113856845,0.0051385753299548215,0.022585511796170608,0.01098148880751256
1549.3381735732007,0.005136498068052126,0.022577757584453843,0.010977510356444405
1549.521635760717,0.00513442161627532,0.022570005760984113,0.01097353324400898
1549.7050979482328,0.005132345974318943,0.022562256325130526,0.010969557469791844
1549.888560135749,0.005130271141877656,0.022554509276262315,0.010965583033378667
1550.072022323265,0.005128197118646239,0.02254676461374885,0.010961609934355259
1550.2554845107811,0.005126123904319587,0.02253902233695966,0.01095763817230754
1550.4389466982973,0.0051240514985927185,0.022531282445264388,0.010953667746821572
1550.6224088858132,0.005121979901160772,0.022523544938032828,0.01094969865748353
1550.8058710733294,0.005119909111719,0.02251580981463491,0.010945730903879722
1550.9893332608456,0.005117839129962783,0.022508077074440698,0.010941764485596575
1551.1727954483613,0.005115769955587611,0.022500346716820385,0.010937799402220647
1551.3562576358775,0.005113701588289103,0.022492618741144325,0.01093383565333862
1551.5397198233936,0.005111634027762988,0.02248489314678299,0.010929873238537297
1551.7231820109096,0.005109567273705121,0.022477169933106993,0.01092591215740361
1551.9066441984257,0.005107501325811469,0.022469449099487095,0.01092195240952462
1552.090106385942,0.005105436183778123,0.022461730645294182,0.010917993994487504
1552.2735685734579,0.005103371847301291,0.02245401456989928,0.01091403691187957
1552.457030760974,0.005101308316077304,0.022446300872673557,0.010910081161288252
1552.64049294849,0.0050992455898026005,0.022438589552988313,0.010906126742301098
1552.8239551360061,0.005097183668173752,0.02243088061021499,0.010902173654505801
1553.0074173235223,0.005095122550887436,0.022423174043725166,0.010898221897490158
1553.190879511038,0.005093062237640457,0.022415469852890554,0.010894271470842109
1553.3743416985542,0.005091002728129731,0.02240776803708301,0.010890322374149698
1553.5578038860704,0.005088944022052299,0.022400068595674512,0.010886374607001115
1553.7412660735863,0.0050868861191053156,0.02239237152803721,0.010882428168984661
1553.9247282611025,0.0050848290189860566,0.022384676833543345,0.010878483059688766
1554.1081904486186,0.005082772721391909,0.022376984511565327,0.010874539278701984
1554.2916526361346,0.005080717226020388,0.022369294561475697,0.010870596825612994
1554.4751148236508,0.005078662532569122,0.02236160698264713,0.010866655700010597
1554.6585770111667,0.005076608640735855,0.022353921774452428,0.01086271590148372
1554.8420391986829,0.005074555550218452,0.02234623893626455,0.010858777429621418
1555.025501386199,0.005072503260714891,0.02233855846745658,0.010854840284012861
1555.2089635737148,0.005070451771923277,0.02233088036740174,0.01085090446424735
1555.392425761231,0.005068401083541825,0.022323204635473402,0.010846969969914312
1555.575887948747,0.005066351195268868,0.02231553127104504,0.010843036800603292
1555.759350136263,0.005064302106802856,0.022307860273490306,0.01083910495590396
1555.9428123237792,0.005062253817842364,0.022300191642182974,0.01083517443540612
1556.1262745112954,0.005060206328086074,0.022292525376496945,0.010831245238699681
1556.3097366988113,0.0050581596372327895,0.022284861475806265,0.010827317365374695
1556.4931988863275,0.005056113744981437,0.02227719993948512,0.010823390815021325
1556.6766610738437,0.005054068651031049,0.022269540766907826,0.010819465587229864
1556.8601232613596,0.005052024355080783,0.022261883957448835,0.010815541681590721
1557.0435854488758,0.005049980856829913,0.022254229510482743,0.010811619097694439
1557.2270476363917,0.005047938155977826,0.022246577425384283,0.010807697835131684
1557.4105098239077,0.005045896252224029,0.02223892770152832,0.010803777893493235
1557.5939720114238,0.005043855145268146,0.022231280338289864,0.010799859272370007
1557.7774341989398,0.005041814834809915,0.022223635335044047,0.010795941971353027
1557.960896386456,0.005039775320549191,0.022215992691166146,0.010792025990033455
1558.144358573972,0.005037736602185952,0.022208352406031574,0.010788111328002564
1558.327820761488,0.005035698679420284,0.02220071447901588,0.010784197984851763
1558.5112829490042,0.005033661551952392,0.02219307890949475,0.010780285960172574
1558.6947451365204,0.005031625219482601,0.022185445696844004,0.010776375253556646
1558.8782073240363,0.0050295896817113455,0.02217781484043961,0.010772465864595751
1559.0616695115525,0.005027554938339188,0.022170186339657654,0.010768557792881784
1559.2451316990685,0.005025520989066793,0.022162560193874373,0.010764651038006763
1559.4285938865846,0.00502348783359495,0.022154936402466144,0.010760745599562829
1559.6120560741006,0.005021455471624565,0.022147314964809463,0.010756841477142249
1559.7955182616165,0.005019423902856654,0.022139695880280974,0.010752938670337405
1559.9789804491327,0.005017393126992354,0.022132079148257454,0.010749037178740806
1560.1624426366488,0.0050153631437329154,0.022124464768115828,0.010745137001945088
1560.3459048241648,0.005013333952779708,0.02211685273923314,0.01074123813954301
1560.529367011681,0.005011305553834212,0.02210924306098657,0.01073734059112744
1560.7128291991971,0.005009277946598027,0.022101635732753453,0.01073344435629138
1560.896291386713,0.005007251130772867,0.022094030753911236,0.010729549434627957
1561.0797535742292,0.005005225106060563,0.02208642812383753,0.010725655825730413
1561.2632157617454,0.0050031998721630595,0.022078827841910058,0.01072176352919212
1561.4466779492614,0.005001175428782416,0.022071229907506693,0.010717872544606561
1561.6301401367775,0.004999151775620811,0.02206363432000544,0.010713982871567357
1561.8136023242932,0.004997128912380536,0.02205604107878444,0.010710094509668238
1561.9970645118094,0.004995106838763995,0.02204845018322196,0.010706207458503054
1562.1805266993256,0.004993085554473712,0.02204086163269643,0.010702321717665799
1562.3639888868415,0.004991065059212326,0.022033275426586386,0.010698437286750564
1562.5474510743577,0.004989045352682585,0.02202569156427052,0.010694554165351573
1562.7309132618739,0.004987026434587357,0.02201811004512766,0.010690672353063178
1562.9143754493898,0.004985008304629625,0.022010530868536746,0.010686791849479838
1563.097837636906,0.004982990962512484,0.022002954033876886,0.010682912654196144
1563.2812998244221,0.004980974407939151,0.021995379540527306,0.010679034766806816
1563.464762011938,0.004978958640612947,0.02198780738786737,0.010675158186906676
1563.6482241994543,0.004976943660237314,0.021980237575276576,0.010671282914090684
1563.83168638697,0.004974929466515806,0.021972670102134564,0.010667408947953917
1564.0151485744861,0.004972916059152099,0.021965104967821114,0.010663536288091571
1564.1986107620023,0.004970903437849974,0.021957542171716127,0.010659664934098968
1564.3820729495183,0.004968891602313329,0.021949981713199646,0.010655794885571546
1564.5655351370344,0.0049668805522461775,0.021942423591651865,0.010651926142104874
1564.7489973245506,0.00496487028735265,0.02193486780645308,0.01064805870329463
1564.9324595120665,0.004962860807336986,0.021927314356983762,0.010644192568736627
1565.1159216995827,0.004960852111903542,0.021919763242624485,0.010640327738026784
1565.2993838870989,0.004958844200756788,0.021912214462755982,0.010636464210761157
1565.4828460746148,0.004956837073601309,0.021904668016759114,0.010632601986535914
1565.666308262131,0.004954830730141804,0.021897123904014854,0.01062874106494734
1565.8497704496472,0.004952825170083084,0.021889582123904353,0.010624881445591854
1566.0332326371629,0.004950820393130075,0.021882042675808875,0.010621023128065987
1566.216694824679,0.00494881639898782,0.021874505559109816,0.010617166111966397
1566.400157012195,0.004946813187361466,0.021866970773188717,0.010613310396889855
1566.5836191997112,0.004944810757956285,0.02185943831742725,0.01060945598243326
1566.7670813872273,0.004942809110477657,0.021851908191207227,0.01060560286819363
1566.9505435747433,0.004940808244631076,0.021844380393910574,0.0106017510537681
1567.1340057622594,0.004938808160122149,0.021836854924919397,0.010597900538753934
1567.3174679497756,0.004936808856656599,0.02182933178361589,0.010594051322748512
1567.5009301372916,0.004934810333940258,0.0218218109693824,0.010590203405349326
1567.6843923248077,0.004932812591679077,0.02181429248160143,0.01058635678615401
1567.867854512324,0.004930815629579116,0.02180677631965559,0.010582511464760296
1568.0513166998396,0.004928819447346546,0.021799262482927635,0.01057866744076605
1568.2347788873558,0.00492682404468766,0.02179175097080046,0.010574824713769257
1568.4182410748717,0.0049248294213088545,0.021784241782657088,0.010570983283368019
1568.601703262388,0.004922835576916645,0.021776734917880684,0.010567143149160558
1568.785165449904,0.0049208425112176575,0.021769230375854542,0.010563304310745227
1568.96862763742,0.004918850223918628,0.0217617281559621,0.010559466767720483
1569.1520898249362,0.004916858714726413,0.021754228257586914,0.010555630519684908
1569.3355520124524,0.004914867983347977,0.0217467306801127,0.01055179556623722
1569.5190141999683,0.004912878029490393,0.02173923542292328,0.010547961906976228
1569.7024763874845,0.004910888852860855,0.021731742485402633,0.010544129541500892
1569.8859385750006,0.004908900453166663,0.02172425186693487,0.010540298469410271
1570.0694007625166,0.0049069128301152355,0.021716763566904232,0.01053646869030355
1570.2528629500325,0.004904925983414097,0.0217092775846951,0.01053264020378004
1570.4363251375487,0.004902939912770888,0.02170179391969198,0.010528813009439161
1570.6197873250646,0.004900954617893361,0.021694312571279524,0.010524987106880464
1570.8032495125808,0.004898970098489382,0.02168683353884251,0.010521162495703612
1570.9867117000967,0.0048969863542669256,0.02167935682176586,0.01051733917550839
1571.170173887613,0.004895003384934081,0.021671882419434626,0.010513517145894703
1571.353636075129,0.004893021190199052,0.021664410331233994,0.010509696406462578
1571.537098262645,0.004891039769770147,0.02165694055654929,0.010505876956812158
1571.7205604501612,0.004889059123355794,0.021649473094765954,0.010502058796543704
1571.9040226376774,0.004887079250664526,0.0216420079452696,0.010498241925257602
1572.0874848251933,0.004885100151404996,0.02163454510744594,0.010494426342554358
1572.2709470127095,0.004883121825285962,0.02162708458068084,0.010490612048034592
1572.4544092002257,0.004881144272016297,0.021619626364360302,0.010486799041299046
1572.6378713877414,0.004879167491304983,0.021612170457870446,0.010482987321948582
1572.8213335752575,0.004877191482861119,0.02160471686059754,0.010479176889584179
1573.0047957627735,0.004875216246393905,0.02159726557192799,0.010475367743806937
1573.1882579502897,0.004873241781612668,0.02158981659124832,0.010471559884218079
1573.3717201378058,0.004871268088226831,0.021582369917945203,0.010467753310418939
1573.5551823253218,0.0048692951659459385,0.02157492555140545,0.01046394802201098
1573.738644512838,0.004867323014479641,0.021567483491015997,0.010460144018595774
1573.922106700354,0.0048653516335377045,0.0215600437361639,0.010456341299775015
1574.10556888787,0.004863381022830003,0.021552606286236387,0.010452539865150521
1574.2890310753862,0.004861411182066519,0.02154517114062079,0.010448739714324223
1574.4724932629024,0.004859442110957354,0.02153773829870459,0.01044494084689818
1574.655955450418,0.0048574738092127135,0.02153030775987539,0.010441143262474552
1574.8394176379343,0.004855506276542914,0.021522879523520937,0.010437346960655638
1575.0228798254504,0.00485353951265839,0.021515453589029104,0.010433551941043841
1575.2063420129664,0.004851573517269682,0.021508029955787926,0.010429758203241695
1575.3898042004826,0.004849608290087437,0.02150060862318553,0.01042596574685184
1575.5732663879985,0.004847643830822419,0.021493189590610202,0.010422174571477046
1575.7567285755147,0.004845680139185505,0.021485772857450357,0.010418384676720188
1575.9401907630308,0.004843717214887673,0.021478358423094562,0.010414596062184282
1576.1236529505468,0.004841755057640021,0.021470946286931487,0.010410808727472435
1576.307115138063,0.004839793667153751,0.021463536448349953,0.010407022672187894
1576.4905773255791,0.004837833043140175,0.02145612890673891,0.010403237895934008
1576.6740395130948,0.004835873185310721,0.02144872366148745,0.010399454398314259
1576.857501700611,0.004833914093376925,0.021441320711984794,0.010395672178932237
1577.0409638881272,0.004831955767050431,0.0214339200576203,0.010391891237391659
1577.2244260756431,0.0048299982060429954,0.02142652169778345,0.010388111573296346
1577.4078882631593,0.004828041410066486,0.02141912563186387,0.010384333186250254
1577.5913504506752,0.004826085378832876,0.021411731859251326,0.010380556075857446
1577.7748126381914,0.0048241301120542516,0.021404340379335703,0.010376780241722108
1577.9582748257076,0.004822175609442813,0.021396951191507023,0.010373005683448542
1578.1417370132235,0.004820221870710859,0.02138956429515544,0.010369232400641165
1578.3251992007397,0.004818268895570812,0.021382179689671262,0.010365460392904521
1578.5086613882559,0.004816316683735193,0.02137479737444491,0.010361689659843258
1578.6921235757716,0.0048143652349166375,0.021367417348866942,0.010357920201062154
1578.8755857632877,0.004812414548827892,0.021360039612328057,0.010354152016166102
1579.059047950804,0.004810464625181814,0.02135266416421908,0.01035038510476011
1579.2425101383199,0.004808515463691361,0.02134529100393098,0.010346619466449306
1579.425972325836,0.004806567064069608,0.021337920130854848,0.010342855100838932
1579.6094345133522,0.004804619426029741,0.02133055154438191,0.010339092007534351
1579.7928967008681,0.004802672549285051,0.021323185243903538,0.01033533018614104
1579.9763588883843,0.004800726433548936,0.02131582122881123,0.010331569636264606
1580.1598210759003,0.004798781078534912,0.02130845949849661,0.010327810357510752
1580.3432832634164,0.0047968364839565975,0.021301100052351446,0.010324052349485314
1580.5267454509326,0.004794892649527721,0.02129374288976763,0.010320295611794242
1580.7102076384485,0.004792949574962121,0.021286388010137196,0.010316540144043599
1580.8936698259645,0.004791007259973745,0.021279035412852317,0.010312785945839575
1581.0771320134807,0.004789065704276648,0.02127168509730529,0.010309033016788465
1581.2605942009966,0.004787124907584997,0.02126433706288854,0.01030528135649669
1581.4440563885128,0.004785184869613065,0.02125699130899464,0.010301530964570788
1581.627518576029,0.004783245590075238,0.021249647835016285,0.010297781840617404
1581.8109807635449,0.004781307068686,0.021242306640346313,0.010294033984243315
1581.994442951061,0.0047793693051599575,0.021234967724377676,0.010290287395055397
1582.177905138577,0.004777432299211819,0.02122763108650349,0.010286542072660665
1582.3613673260932,0.004775496050556402,0.021220296726116975,0.01028279801666623
1582.5448295136093,0.0047735605589086325,0.021212964642611506,0.010279055226679334
1582.7282917011253,0.004771625823983544,0.021205634835380575,0.010275313702307328
1582.9117538886414,0.004769691845496279,0.02119830730381782,0.010271573443157685
1583.0952160761576,0.00476775862316209,0.021190982047317,0.010267834448837986
1583.2786782636733,0.004765826156696336,0.021183659065272024,0.01026409671895594
1583.4621404511895,0.004763894445814489,0.021176338357076926,0.010260360253119372
1583.6456026387057,0.004761963490232118,0.021169019922125856,0.010256625050936207
1583.8290648262216,0.004760033289664914,0.02116170375981313,0.010252891112014509
1584.0125270137378,0.004758103843828664,0.02115438986953316,0.010249158435962438
1584.195989201254,0.004756175152439268,0.021147078250680528,0.010245427022388289
1584.37945138877,0.00475424721521274,0.021139768902649934,0.010241696870900461
1584.562913576286,0.004752320031865193,0.021132461824836194,0.010237967981107475
1584.746375763802,0.004750393602112849,0.02112515701663428,0.010234240352617965
1584.9298379513182,0.00474846792567204,0.021117854477439284,0.010230513985040678
1585.1133001388343,0.004746543002259208,0.02111055420664644,0.010226788877984484
1585.29676232635,0.0047446188315909,0.021103256203651118,0.010223065031058371
1585.4802245138662,0.0047426954133837716,0.0210959604678488,0.010219342443871439
1585.6636867013824,0.0047407727473545835,0.021088666998635118,0.010215621116032898
1585.8471488888983,0.004738850833220206,0.021081375795405834,0.010211901047152082
1586.0306110764145,0.004736929670697618,0.021074086857556844,0.010208182236838441
1586.2140732639307,0.004735009259503901,0.02106680018448418,0.010204464684701538
1586.3975354514466,0.004733089599356254,0.021059515775583997,0.010200748390351056
1586.5809976389628,0.004731170689971971,0.021052233630252583,0.010197033353396784
1586.7644598264787,0.00472925253106846,0.02104495374788637,0.010193319573448635
1586.947922013995,0.004727335122363234,0.02103767612788191,0.01018960705011664
1587.131384201511,0.004725418463573917,0.021030400769635905,0.01018589578301094
1587.3148463890268,0.0047235025544182345,0.021023127672545164,0.01018218577174179
1587.498308576543,0.004721587394614024,0.021015856836006656,0.010178477015919571
1587.6817707640591,0.0047196729838792275,0.021008588259417458,0.010174769515154765
1587.865232951575,0.004717759321931893,0.021001321942174796,0.010171063269057982
1588.0486951390913,0.004715846408490177,0.020994057883676028,0.01016735827723994
1588.2321573266074,0.0047139342432723445,0.02098679608331864,0.01016365453931148
1588.4156195141234,0.004712022825996762,0.02097953654050024,0.010159952054883545
1588.5990817016395,0.004710112156381908,0.02097227925461859,0.010156250823567211
1588.7825438891557,0.004708202234146362,0.020965024225071575,0.010152550844973653
1588.9660060766716,0.004706293059008818,0.0209577714512572,0.01014885211871417
1589.1494682641878,0.004704384630688072,0.020950520932573612,0.010145154644400174
1589.3329304517035,0.004702476948903023,0.020943272668419107,0.010141458421643195
1589.5163926392197,0.004700570013372684,0.020936026658192098,0.010137763450054876
1589.6998548267359,0.004698663823816169,0.02092878290129112,0.010134069729246974
1589.8833170142518,0.004696758379952701,0.020921541397114853,0.01013037725883136
1590.066779201768,0.004694853681501606,0.020914302145062104,0.010126686038420023
1590.2502413892842,0.0046929497281823175,0.020907065144531826,0.010122996067625064
1590.4337035768,0.00469104651971438,0.020899830394923085,0.010119307346058707
1590.6171657643163,0.004689144055817438,0.020892597895635086,0.010115619873333277
1590.8006279518324,0.004687242336211242,0.02088536764606718,0.010111933649061225
1590.9840901393484,0.0046853413606156545,0.02087813964561883,0.010108248672855114
1591.1675523268646,0.00468344112875064,0.020870913893689638,0.010104564944327621
1591.3510145143805,0.004681541640336267,0.02086369038967934,0.010100882463091534
1591.5344767018964,0.004679642895092711,0.02085646913298781,0.010097201228759763
1591.7179388894126,0.004677744892740258,0.02084925012301503,0.010093521240945322
1591.9014010769286,0.004675847632999293,0.020842033359161155,0.010089842499261356
1592.0848632644447,0.0046739511155903125,0.02083481884082644,0.010086165003321112
1592.268325451961,0.004672055340233912,0.02082760656741127,0.010082488752737952
1592.4517876394768,0.004670160306650797,0.02082039653831618,0.01007881374712535
1592.635249826993,0.00466826601456178,0.02081318875294183,0.010075139986096906
1592.8187120145092,0.004666372463687778,0.020805983210689008,0.010071467469266324
1593.0021742020251,0.004664479653749808,0.02079877991095864,0.01006779619624743
1593.1856363895413,0.004662587584469002,0.020791578853151783,0.010064126166654157
1593.3690985770575,0.0046606962555665885,0.02078438003666962,0.010060457380100554
1593.5525607645734,0.004658805666763905,0.020777183460913472,0.010056789836200787
1593.7360229520896,0.004656915817782394,0.020769989125284785,0.010053123534569131
1593.9194851396053,0.004655026708343606,0.020762797029185136,0.010049458474819981
1594.1029473271215,0.004653138338169192,0.02075560717201625,0.010045794656567844
1594.2864095146376,0.004651250706980907,0.02074841955317997,0.010042132079427338
1594.4698717021536,0.004649363814500619,0.020741234172078273,0.0100384707430132
1594.6533338896697,0.004647477660450294,0.020734051028113265,0.01003481064694028
1594.836796077186,0.0046455922445520015,0.020726870120687184,0.010031151790823532
1595.0202582647019,0.004643707566527923,0.020719691449202413,0.010027494174278041
1595.203720452218,0.00464182362610034,0.02071251501306144,0.010023837796918993
1595.3871826397342,0.004639940422991638,0.02070534081166691,0.010020182658361689
1595.5706448272501,0.004638057956924313,0.02069816884442159,0.01001652875822155
1595.7541070147663,0.004636176227620957,0.020690999110728373,0.010012876096114103
1595.937569202282,0.004634295234804275,0.020683831609990287,0.010009224671654994
1596.1210313897982,0.00463241497819707,0.020676666341610497,0.010005574484459984
1596.3044935773144,0.004630535457522253,0.020669503304992294,0.010001925534144938
1596.4879557648303,0.004628656672502839,0.0206623424995391,0.009998277820325845
1596.6714179523465,0.004626778622861944,0.020655183924654475,0.0099946313426188
1596.8548801398626,0.004624901308322797,0.020648027579742104,0.009990986100640021
1597.0383423273786,0.004623024728608722,0.020640873464205796,0.009987342094005824
1597.2218045148948,0.004621148883443149,0.020633721577449506,0.009983699322332654
1597.405266702411,0.004619273772549619,0.020626571918877318,0.00998005778523706
1597.5887288899269,0.0046173993956517695,0.020619424487893438,0.009976417482335707
1597.772191077443,0.004615525752473343,0.02061227928390221,0.009972778413245374
1597.9556532649592,0.004613652842738191,0.02060513630630811,0.009969140577582948
1598.139115452475,0.004611780666170263,0.020597995554515733,0.009965503974965435
1598.322577639991,0.004609909222493618,0.020590857027929822,0.009961868605009952
1598.506039827507,0.004608038511432412,0.020583720725955247,0.009958234467333729
1598.6895020150232,0.004606168532710913,0.020576586647997,0.009954601561554111
1598.8729642025394,0.004604299286053488,0.020569454793460222,0.009950969887288554
1599.0564263900553,0.004602430771184607,0.02056232516175016,0.009947339444154624
1599.2398885775715,0.004600562987828847,0.020555197752272217,0.009943710231770007
1599.4233507650877,0.004598695935710885,0.020548072564431898,0.009940082249752489
1599.6068129526036,0.004596829614555502,0.02054094959763487,0.009936455497719984
1599.7902751401198,0.004594964024087588,0.02053382885128691,0.00993282997529051
1599.973737327636,0.0045930991640321245,0.02052671032479394,0.009929205682082198
1600.1571995151517,0.004591235034114211,0.020519594017562,0.009925582617713296
1600.3406617026678,0.004589371634059043,0.02051247992899726,0.00992196078180216
1600.5241238901838,0.004587508963591918,0.02050536805850605,0.00991834017396726
1600.7075860777,0.004585647022438241,0.020498258405494785,0.00991472079382718
1600.891048265216,0.004583785810323515,0.020491150969370042,0.009911102641000612
1601.074510452732,0.004581925326973351,0.020484045749538524,0.009907485715106367
1601.2579726402482,0.004580065572113457,0.020476942745407057,0.00990387001576336
1601.4414348277644,0.004578206545469653,0.020469841956382597,0.009900255542590625
1601.6248970152803,0.004576348246767858,0.020462743381872248,0.00989664229520731
1601.8083592027965,0.004574490675734089,0.02045564702128323,0.009893030273232673
1601.9918213903127,0.004572633832094472,0.020448552874022887,0.009889419476286075
1602.1752835778284,0.004570777715575234,0.020441460939498717,0.009885809903987002
1602.3587457653446,0.004568922325902706,0.02043437121711831,0.009882201555955048
1602.5422079528607,0.004567067662803322,0.020427283706289434,0.009878594431809915
1602.7256701403767,0.004565213726003611,0.020420198406419954,0.009874988531171422
1602.9091323278928,0.004563360515230214,0.020413115316917883,0.009871383853659498
1603.0925945154088,0.004561508030209873,0.020406034437191342,0.009867780398894185
1603.276056702925,0.004559656270669433,0.02039895576664861,0.009864178166495633
1603.4595188904411,0.004557805236335836,0.02039187930469808,0.00986057715608411
1603.642981077957,0.004555954926936132,0.02038480505074828,0.009856977367279992
1603.8264432654732,0.004554105342197469,0.02037773300420787,0.009853378799703764
1604.0099054529894,0.004552256481847103,0.020370663164485634,0.009849781452976032
1604.1933676405054,0.0045504083456123865,0.020363595530990486,0.009846185326717504
1604.3768298280215,0.0045485609332207785,0.020356530103131487,0.009842590420549005
1604.5602920155375,0.004546714244399839,0.02034946688031781,0.00983899673409147
1604.7437542030534,0.004544868278877233,0.020342405861958766,0.009835404266965947
1604.9272163905696,0.004543023036380717,0.02033534704746378,0.00983181301879359
1605.1106785780855,0.004541178516638164,0.020328290436242433,0.00982822298919567
1605.2941407656017,0.004539334719377539,0.020321236027704432,0.009824634177793574
1605.4776029531179,0.004537491644326914,0.020314183821259595,0.00982104658420879
1605.6610651406338,0.004535649291214459,0.020307133816317883,0.009817460208062923
1605.84452732815,0.004533807659768451,0.020300086012289394,0.00981387504897769
1606.0279895156661,0.004531966749717262,0.02029304040858434,0.00981029110657491
1606.211451703182,0.0045301265607893704,0.02028599700461307,0.009806708380476528
1606.3949138906983,0.00452828709271336,0.020278955799786072,0.009803126870304593
1606.5783760782144,0.004526448345217905,0.020271916793513943,0.009799546575681259
1606.7618382657301,0.004524610318031793,0.02026487998520743,0.009795967496228804
1606.9453004532463,0.004522773010883905,0.020257845374277404,0.009792389631569606
1607.1287626407625,0.00452093642350323,0.02025081296013486,0.009788812981326162
1607.3122248282784,0.004519100555618854,0.020243782742190936,0.009785237545121074
1607.4956870157946,0.004517265406959966,0.020236754719856885,0.009781663322577058
1607.6791492033105,0.004515430977255855,0.02022972889254409,0.00977809031331694
1607.8626113908267,0.004513597266235912,0.02022270525966409,0.009774518516963659
1608.0460735783429,0.004511764273629631,0.020215683820628508,0.009770947933140258
1608.2295357658588,0.004509931999166607,0.020208664574849135,0.0097673785614699
1608.412997953375,0.004508100442576534,0.020201647521737878,0.009763810401575852
1608.5964601408912,0.004506269603589208,0.02019463266070678,0.009760243453081501
1608.7799223284069,0.004504439481934524,0.020187619991168006,0.009756677715610326
1608.963384515923,0.004502610077342487,0.020180609512533844,0.009753113188785937
1609.1468467034392,0.004500781389543193,0.020173601224216735,0.009749549872232048
1609.3303088909552,0.004498953418266844,0.020166595125629228,0.009745987765572476
1609.5137710784713,0.004497126163243738,0.020159591216184006,0.009742426868431157
1609.6972332659873,0.00449529962420428,0.02015258949529388,0.009738867180432131
1609.8806954535034,0.004493473800878974,0.020145589962371806,0.009735308701199555
1610.0641576410196,0.00449164869299842,0.020138592616830854,0.009731751430357694
1610.2476198285356,0.0044898243002933266,0.02013159745808422,0.009728195367530921
1610.4310820160517,0.004488000622494495,0.020124604485545254,0.009724640512343721
1610.614544203568,0.004486177659332837,0.020117613698627405,0.009721086864420692
1610.7980063910836,0.004484355410539355,0.02011062509674427,0.009717534423386538
1610.9814685785998,0.004482533875845156,0.020103638679309567,0.009713983188866071
1611.164930766116,0.004480713054981449,0.020096654445737154,0.009710433160484224
1611.348392953632,0.00447889294767954,0.020089672395441,0.009706884337866026
1611.531855141148,0.004477073553670842,0.02008269252783522,0.00970333672063663
1611.7153173286642,0.0044752548726868565,0.02007571484233405,0.009699790308421285
1611.8987795161802,0.0044734369044591975,0.020068739338351866,0.009696245100845362
1612.0822417036964,0.004471619648719576,0.020061766015303163,0.009692701097534338
1612.2657038912123,0.004469803105199796,0.020054794872602554,0.009689158298113794
1612.4491660787285,0.004467987273631772,0.020047825909664807,0.00968561670220943
1612.6326282662446,0.004466172153747512,0.0200408591259048,0.009682076309447053
1612.8160904537604,0.0044643577452791235,0.02003389452073755,0.009678537119452567
1612.9995526412765,0.0044625440479588215,0.020026932093578198,0.009674999131852014
1613.1830148287927,0.00446073106151891,0.020019971843842015,0.009671462346271514
1613.3664770163086,0.0044589187856918,0.020013013770944398,0.00966792676233732
1613.5499392038248,0.004457107220210003,0.020006057874300893,0.009664392379675786
1613.733401391341,0.004455296364806129,0.019999104153327136,0.009660859197913372
1613.916863578857,0.004453486219212884,0.01999215260743893,0.009657327216676654
1614.100325766373,0.004451676783163079,0.019985203236052185,0.009653796435592313
1614.283787953889,0.004449868056389624,0.019978256038582946,0.009650266854287142
1614.4672501414052,0.004448060038625527,0.019971311014447383,0.009646738472388044
1614.6507123289214,0.004446252729603893,0.019964368163061814,0.009643211289522028
1614.8341745164373,0.004444446129057931,0.019957427483842657,0.009639685305316219
1615.0176367039535,0.004442640236720948,0.01995048897620648,0.00963616051939784
1615.2010988914694,0.004440835052326349,0.019943552639569963,0.009632636931394233
1615.3845610789854,0.004439030575607643,0.019936618473349935,0.009629114540932847
1615.5680232665015,0.0044372268062984315,0.019929686476963335,0.009625593347641239
1615.7514854540177,0.0044354237441324215,0.019922756649827237,0.009622073351147072
1615.9349476415337,0.004433621388843414,0.019915828991358853,0.009618554551078125
1616.1184098290498,0.004431819740165316,0.019908903500975506,0.009615036947062285
1616.301872016566,0.004430018797832129,0.01990198017809467,0.009611520538727544
1616.485334204082,0.00442821856157795,0.01989505902213392,0.009608005325702005
1616.668796391598,0.0044264190311369845,0.019888140032510986,0.009604491307613877
1616.852258579114,0.004424620206243528,0.019881223208643717,0.009600978484091485
1617.0357207666302,0.004422822086631981,0.01987430854995008,0.009597466854763256
1617.2191829541464,0.004421024672036839,0.01986739605584818,0.009593956419257726
1617.402645141662,0.004419227962192699,0.01986048572575625,0.009590447177203545
1617.5861073291783,0.004417431956834257,0.01985357755909265,0.00958693912822947
1617.7695695166944,0.004415636655696305,0.01984667155527588,0.009583432271964367
1617.9530317042104,0.004413842058513738,0.01983976771372454,0.009579926608037203
1618.1364938917266,0.004412048165021548,0.019832866033857387,0.009576422136077064
1618.3199560792427,0.004410254974954822,0.01982596651509329,0.00957291885571314
1618.5034182667587,0.004408462488048751,0.019819069156851263,0.009569416766574733
1618.6868804542748,0.004406670704038622,0.019812173958550425,0.00956591586829125
1618.8703426417908,0.004404879622659819,0.01980528091961004,0.009562416160492202
1619.053804829307,0.004403089243647829,0.01979839003944949,0.009558917642807219
1619.2372670168231,0.004401299566738232,0.0197915013174883,0.00955542031486603
1619.4207292043388,0.004399510591666711,0.019784614753146107,0.00955192417629848
1619.604191391855,0.004397722318169045,0.019777730345842685,0.009548429226734515
1619.7876535793712,0.004395934745981113,0.019770848094997934,0.009544935465804202
1619.9711157668871,0.004394147874838886,0.01976396800003188,0.009541442893137693
1620.1545779544033,0.004392361704478444,0.019757090060364683,0.009537951508365273
1620.3380401419195,0.004390576234635959,0.01975021427541662,0.00953446131111732
1620.5215023294354,0.0043887914650476995,0.019743340644608108,0.009530972301024327
1620.7049645169516,0.004387007395450034,0.019736469167359695,0.009527484477716895
1620.8884267044677,0.004385224025579431,0.01972959984309203,0.009523997840825724
1621.0718888919837,0.004383441355172457,0.019722732671225936,0.009520512389981643
1621.2553510794999,0.00438165938396577,0.019715867651182314,0.00951702812481556
1621.4388132670156,0.0043798781116961335,0.019709004782382224,0.009513545044958509
1621.6222754545317,0.004378097538100404,0.019702144064246842,0.009510063150041635
1621.805737642048,0.004376317662915538,0.019695285496197482,0.009506582439696178
1621.9891998295639,0.004374538485878591,0.019688429077655577,0.009503102913553496
1622.17266201708,0.0043727600067267145,0.01968157480804269,0.009499624571245053
1622.3561242045962,0.004370982225197157,0.019674722686780513,0.009496147412402416
1622.5395863921121,0.004369205141027269,0.019667872713290867,0.009492671436657264
1622.7230485796283,0.004367428753954491,0.01966102488699569,0.009489196643641385
1622.9065107671445,0.004365653063716364,0.01965417920731707,0.009485723032986667
1623.0899729546604,0.004363878070050535,0.019647335673677192,0.009482250604325115
1623.2734351421766,0.004362103772694733,0.019640494285498397,0.009478779357288834
1623.4568973296923,0.004360330171386798,0.01963365504220314,0.009475309291510043
1623.6403595172085,0.004358557265864659,0.019626817943214005,0.009471840406621065
1623.8238217047247,0.0043567850558663464,0.019619982987953706,0.00946837270225433
1624.0072838922406,0.004355013541129988,0.019613150175845077,0.009464906178042375
1624.1907460797568,0.004353242721393804,0.019606319506311094,0.009461440833617846
1624.374208267273,0.0043514725963961194,0.019599490978774847,0.0094579766686135
1624.5576704547889,0.00434970316587535,0.019592664592659553,0.009454513682662187
1624.741132642305,0.004347934429570012,0.01958584034738857,0.009451051875396885
1624.9245948298212,0.004346166387218719,0.01957901824238537,0.009447591246450667
1625.1080570173372,0.004344399038560176,0.019572198277073558,0.009444131795456709
1625.2915192048533,0.004342632383333196,0.019565380450876864,0.009440673522048307
1625.4749813923695,0.004340866421276677,0.019558564763219148,0.00943721642585885
1625.6584435798854,0.004339101152129621,0.019551751213524413,0.00943376050652185
1625.8419057674014,0.004337336575631125,0.01954493980121675,0.009430305763670911
1626.0253679549173,0.00433557269152038,0.019538130525720405,0.00942685219693975
1626.2088301424335,0.004333809499536682,0.01953132338645975,0.009423399805962195
1626.3922923299497,0.004332046999419413,0.019524518382859284,0.009419948590372176
1626.5757545174656,0.004330285190908061,0.019517715514343625,0.00941649854980373
1626.7592167049818,0.004328524073742204,0.01951091478033752,0.009413049683891
1626.942678892498,0.004326763647661517,0.019504116180265853,0.00940960199226824
1627.126141080014,0.0043250039124057785,0.01949731971355362,0.00940615547456981
1627.30960326753,0.004323244867714856,0.019490525379625957,0.009402710130430172
1627.4930654550462,0.004321486513328715,0.019483733177908125,0.009399265959483899
1627.6765276425622,0.0043197288489874195,0.019476943107825502,0.009395822961365671
1627.8599898300783,0.004317971874431132,0.019470155168803602,0.009392381135710271
1628.043452017594,0.004316215589400106,0.019463369360268067,0.009388940482152592
1628.2269142051102,0.0043144599936346915,0.019456585681644663,0.009385501000327633
1628.4103763926264,0.004312705086875339,0.01944980413235928,0.009382062689870498
1628.5938385801423,0.004310950868862591,0.019443024711837946,0.0093786255504164
1628.7773007676585,0.004309197339337089,0.019436247419506798,0.009375189581600652
1628.9607629551747,0.00430744449803957,0.019429472254792107,0.009371754783058682
1629.1442251426906,0.0043056923447108665,0.019422699217120285,0.009368321154426021
1629.3276873302068,0.004303940879091907,0.019415928305917846,0.0093648886953383
1629.511149517723,0.004302190100923715,0.01940915952061146,0.00936145740543127
1629.694611705239,0.004300440009947412,0.019402392860627893,0.009358027284340775
1629.878073892755,0.004298690605904215,0.019395628325394064,0.009354598331702775
1630.0615360802713,0.004296941888535435,0.019388865914336997,0.009351170547153325
1630.244998267787,0.004295193857582484,0.019382105626883857,0.009347743930328601
1630.4284604553031,0.004293446512786863,0.019375347462461934,0.009344318480864871
1630.611922642819,0.004291699853890168,0.01936859142049864,0.009340894198398519
1630.7953848303353,0.0042899538806341,0.019361837500421513,0.009337471082566027
1630.9788470178514,0.004288208592760447,0.019355085701658233,0.00933404913300399
1631.1623092053674,0.0042864639900110964,0.019348336023636576,0.009330628349349104
1631.3457713928835,0.0042847200721280315,0.019341588465784466,0.009327208731238176
1631.5292335803997,0.004282976838853327,0.01933484302752996,0.009323790278308111
1631.7126957679156,0.004281234289929157,0.019328099708301225,0.00932037299019593
1631.8961579554318,0.0042794924250977905,0.01932135850752656,0.009316956866538753
1632.079620142948,0.004277751244101591,0.019314619424634385,0.009313541906973803
1632.2630823304637,0.004276010746683019,0.019307882459053266,0.009310128111138419
1632.4465445179799,0.004274270932584626,0.019301147610211875,0.009306715478670036
1632.6300067054958,0.0042725318015490645,0.01929441487753902,0.0093033040092062
1632.813468893012,0.0042707933533190755,0.019287684260463626,0.009299893702384559
1632.9969310805282,0.004269055587637504,0.019280955758414757,0.009296484557842872
1633.180393268044,0.004267318504247282,0.019274229370821593,0.009293076575218997
1633.3638554555603,0.0042655821028914406,0.01926750509711344,0.009289669754150898
1633.5473176430764,0.0042638463833131034,0.019260782936719748,0.009286264094276653
1633.7307798305924,0.004262111345255492,0.01925406288907007,0.009282859595234436
1633.9142420181086,0.0042603769884619214,0.0192473449535941,0.009279456256662533
1634.0977042056247,0.004258643312675803,0.01924062912972165,0.009276054078199328
1634.2811663931404,0.004256910317640641,0.01923391541688265,0.009272653059483315
1634.4646285806566,0.004255178003100036,0.01922720381450719,0.009269253200153097
1634.6480907681728,0.004253446368797679,0.019220494322025446,0.009265854499847376
1634.8315529556887,0.00425171541447736,0.019213786938867747,0.009262456958204959
1635.015015143205,0.0042499851398829685,0.019207081664464533,0.009259060574864766
1635.1984773307208,0.0042482555447584764,0.019200378498246372,0.00925566534946581
1635.381939518237,0.004246526628847964,0.01919367743964397,0.00925227128164722
1635.5654017057532,0.004244798391895593,0.019186978488088147,0.009248878371048229
1635.7488638932691,0.004243070833645629,0.019180281643009847,0.009245486617308165
1635.9323260807853,0.004241343953842429,0.01917358690384015,0.009242096020066471
1636.1157882683015,0.004239617752230442,0.019166894270010258,0.009238706578962693
1636.2992504558172,0.004237892228554215,0.019160203740951495,0.009235318293636479
1636.4827126433333,0.0042361673825583885,0.01915351531609532,0.00923193116372759
1636.6661748308495,0.004234443213987698,0.019146828994873293,0.009228545188875874
1636.8496370183655,0.0042327197225869705,0.019140144776717136,0.009225160368721303
1637.0330992058816,0.004230996908101128,0.019133462661058677,0.009221776702903948
1637.2165613933976,0.00422927477027519,0.01912678264732986,0.009218394191063978
1637.4000235809137,0.004227553308854266,0.01912010473496277,0.00921501283284167
1637.58348576843,0.0042258325235835625,0.019113428923389627,0.009211632627877416
1637.7669479559459,0.0042241124142083815,0.019106755212042754,0.0092082535758117
1637.950410143462,0.004222392980474111,0.019100083600354607,0.00920487567628511
1638.1338723309782,0.004220674222126242,0.01909341408775777,0.00920149892893835
1638.3173345184941,0.004218956138910356,0.019086746673684957,0.009198123333412217
1638.5007967060103,0.00421723873057213,0.019080081357568997,0.00919474888934762
1638.6842588935262,0.0042155219968573274,0.019073418138842852,0.009191375596385568
1638.8677210810422,0.004213805937511817,0.019066757016939603,0.009188003454167174
1639.0511832685584,0.004212090552281554,0.01906009799129247,0.00918463246233366
1639.2346454560745,0.004210375840912587,0.019053441061334785,0.009181262620526353
1639.4181076435905,0.004208661803151063,0.019046786226500016,0.00917789392838668
1639.6015698311066,0.004206948438743223,0.019040133486221748,0.009174526385556171
1639.7850320186226,0.00420523574743539,0.019033482839933683,0.00917115999167646
1639.9684942061388,0.004203523728973998,0.01902683428706967,0.009167794746389296
1640.151956393655,0.004201812383105559,0.019020187827063658,0.009164430649336513
1640.3354185811709,0.004200101709576689,0.01901354345934976,0.009161067700160074
1640.518880768687,0.004198391708134093,0.019006901183362172,0.009157705898502021
1640.7023429562032,0.004196682378524571,0.01900026099853524,0.009154345244004516
1640.885805143719,0.0041949737204950155,0.01899362290430342,0.00915098573630982
1641.069267331235,0.0041932657337924095,0.01898698690010131,0.0091476273750603
1641.2527295187513,0.004191558418163837,0.018980352985363623,0.009144270159898426
1641.4361917062672,0.004189851773356465,0.018973721159525194,0.009140914090466764
1641.6196538937834,0.004188145799117564,0.018967091422021,0.009137559166408002
1641.8031160812993,0.004186440495194488,0.018960463772286117,0.009134205387364914
1641.9865782688155,0.004184735861334693,0.01895383820975577,0.009130852752980386
1642.1700404563317,0.004183031897285723,0.018947214733865292,0.00912750126289741
1642.3535026438476,0.004181328602795216,0.018940593344050148,0.009124150916759076
1642.5369648313638,0.004179625977610901,0.01893397403974593,0.009120801714208579
1642.72042701888,0.004177924021480607,0.018927356820388354,0.00911745365488922
1642.9038892063957,0.004176222734152247,0.01892074168541326,0.009114106738444403
1643.0873513939118,0.004174522115373831,0.018914128634256604,0.009110760964517633
1643.270813581428,0.004172822164893463,0.01890751766635449,0.009107416332752525
1643.454275768944,0.0041711228824593384,0.018900908781143134,0.009104072842792792
1643.6377379564601,0.004169424267819744,0.018894301978058855,0.009100730494282248
1643.8212001439763,0.004167726320723066,0.018887697256538133,0.00909738928686482
1644.0046623314922,0.004166029040917772,0.01888109461601755,0.009094049220184527
1644.1881245190084,0.004164332428152431,0.018874494055933826,0.0090907102938855
1644.3715867065243,0.004162636482175704,0.018867895575723794,0.009087372507611971
1644.5550488940405,0.0041609412027363395,0.018861299174824424,0.009084035861008276
1644.7385110815567,0.0041592465895831845,0.01885470485267279,0.00908070035371885
1644.9219732690724,0.0041575526424651715,0.01884811260870612,0.009077365985388235
1645.1054354565886,0.004155859361131333,0.01884152244236174,0.009074032755661075
1645.2888976441047,0.004154166745330793,0.018834934353077117,0.009070700664182122
1645.4723598316207,0.004152474794812759,0.01882834834028983,0.00906736971059622
1645.6558220191368,0.004150783509326541,0.018821764403437597,0.009064039894548327
1645.839284206653,0.004149092888621538,0.018815182541958256,0.009060711215683505
1646.022746394169,0.004147402932447239,0.018808602755289755,0.009057383673646904
1646.2062085816851,0.0041457136405532264,0.018802025042870187,0.009054057268083794
1646.389670769201,0.004144025012689178,0.018795449404137764,0.00905073199863954
1646.5731329567172,0.004142337048604857,0.01878887583853081,0.009047407864959608
1646.7565951442334,0.00414064974805013,0.018782304345487787,0.009044084866689579
1646.9400573317491,0.004138963110774944,0.018775734924447278,0.00904076300347512
1647.1235195192653,0.004137277136529342,0.01876916757484799,0.00903744227496201
1647.3069817067815,0.004135591825063459,0.018762602296128746,0.009034122680796128
1647.4904438942974,0.004133907176127524,0.018756039087728507,0.00903080422062346
1647.6739060818136,0.004132223189471856,0.018749477949086355,0.009027486894090095
1647.8573682693298,0.004130539864846865,0.01874291887964148,0.009024170700842214
1648.0408304568457,0.004128857202003055,0.018736361878833218,0.009020855640526116
1648.2242926443619,0.004127175200691021,0.018729806946101026,0.00901754171278819
1648.407754831878,0.004125493860661449,0.018723254080884478,0.009014228917274936
1648.591217019394,0.004123813181665117,0.018716703282623266,0.009010917253632952
1648.7746792069102,0.004122133163452894,0.018710154550757228,0.00900760672150894
1648.958141394426,0.004120453805775744,0.01870360788472629,0.009004297320549703
1649.1416035819423,0.004118775108384721,0.01869706328397054,0.009000989050402149
1649.3250657694582,0.004117097071030966,0.018690520747930178,0.008997681910713288
1649.5085279569741,0.004115419693465716,0.01868398027604552,0.008994375901130232
1649.6919901444903,0.0041137429754403,0.01867744186775701,0.008991071021300196
1649.8754523320065,0.004112066916706136,0.018670905522505218,0.008987767270870493
1650.0589145195224,0.004110391517014733,0.018664371239730825,0.00898446464948854
1650.2423767070386,0.0041087167761176945,0.018657839018874654,0.00898116315680186
1650.4258388945548,0.004107042693766713,0.018651308859377647,0.008977862792458076
1650.6093010820707,0.004105369269713575,0.018644780760680872,0.008974563556104919
1650.7927632695869,0.004103696503710152,0.018638254722225515,0.008971265447390206
1650.9762254571028,0.0041020243955084135,0.01863173074345289,0.008967968465961876
1651.159687644619,0.004100352944860415,0.018625208823804425,0.008964672611467954
1651.3431498321352,0.004098682151518309,0.01861868896272168,0.008961377883556578
1651.5266120196509,0.0040970120152343335,0.018612171159646338,0.008958084281875977
1651.710074207167,0.00409534253576082,0.01860565541402021,0.008954791806074497
1651.8935363946832,0.004093673712850192,0.018599141725285217,0.008951500455800572
1652.0769985821992,0.004092005546254962,0.01859263009288343,0.00894821023070275
1652.2604607697153,0.004090338035727735,0.018586120516257014,0.00894492113042967
1652.4439229572315,0.0040886711810212,0.018579612994848272,0.008941633154630072
1652.6273851447474,0.00408700498188815,0.018573107528099632,0.008938346302952812
1652.8108473322636,0.004085339438081459,0.01856660411545364,0.008935060575046835
1652.9943095197798,0.0040836745493540915,0.018560102756352972,0.008931775970561193
1653.1777717072957,0.004082010315459109,0.018553603450240423,0.008928492489145037
1653.361233894812,0.004080346736149661,0.018547106196558902,0.00892521013044762
1653.5446960823276,0.004078683811178984,0.018540610994751464,0.008921928894118301
1653.7281582698438,0.00407702154030041,0.018534117844261275,0.008918648779806537
1653.91162045736,0.004075359923267359,0.018527626744531612,0.00891536978716188
1654.095082644876,0.004073698959833344,0.0185211376950059,0.008912091915834
1654.278544832392,0.0040720386497519615,0.018514650695127668,0.008908815165472652
1654.4620070199082,0.004070378992776907,0.01850816574434058,0.0089055395357277
1654.6454692074242,0.004068719988661965,0.01850168284208842,0.008902265026249115
1654.8289313949404,0.004067061637161003,0.018495201987815086,0.008898991636686955
1655.0123935824565,0.0040654039380279925,0.018488723180964613,0.008895719366691396
1655.1958557699725,0.00406374689101698,0.018482246420981154,0.008892448215912698
1655.3793179574886,0.0040620904958821105,0.018475771707308984,0.008889178184001237
1655.5627801450044,0.004060434752377622,0.018469299039392505,0.008885909270607482
1655.7462423325205,0.004058779660257835,0.018462828416676236,0.00888264147538201
1655.9297045200367,0.004057125219277164,0.018456359838604823,0.00887937479797549
1656.1131667075526,0.0040554714291901155,0.018449893304623037,0.008876109238038702
1656.2966288950688,0.0040538182897512836,0.018443428814175773,0.00887284479522252
1656.480091082585,0.004052165800715352,0.01843696636670803,0.008869581469177915
1656.663553270101,0.0040505139618370965,0.01843050596166496,0.008866319259555975
1656.847015457617,0.004048862772871382,0.01842404759849182,0.008863058166007878
1657.0304776451333,0.00404721223357316,0.018417591276634,0.008859798188184899
1657.2139398326492,0.00404556234369748,0.018411136995536995,0.008856539325738422
1657.3974020201654,0.004043913102999472,0.01840468475464644,0.008853281578319931
1657.5808642076815,0.004042264511234364,0.01839823455340809,0.00885002494558101
1657.7643263951973,0.0040406165681574685,0.01839178639126782,0.008846769427173346
1657.9477885827134,0.004038969273524186,0.01838534026767162,0.008843515022748712
1658.1312507702294,0.004037322627090014,0.018378896182065625,0.008840261731959006
1658.3147129577455,0.004035676628610535,0.01837245413389607,0.008837009554456212
1658.4981751452617,0.00403403127784142,0.018366014122609332,0.008833758489892414
1658.6816373327777,0.004032386574538433,0.018359576147651893,0.008830508537919803
1658.8650995202938,0.004030742518457424,0.018353140208470363,0.008827259698190667
1659.04856170781,0.004029099109354335,0.01834670630451148,0.008824011970357393
1659.232023895326,0.004027456346985198,0.018340274435222095,0.008820765354072472
1659.415486082842,0.004025814231106132,0.018333844600049207,0.008817519848988497
1659.5989482703583,0.004024172761473347,0.018327416798439904,0.00881427545475816
1659.7824104578742,0.004022531937843144,0.01832099102984141,0.008811032171034246
1659.9658726453902,0.004020891759971909,0.018314567293701088,0.008807789997469654
1660.149334832906,0.004019252227616118,0.018308145589466397,0.008804548933717373
1660.3327970204223,0.004017613340532343,0.01830172591658493,0.0088013089794305
1660.5162592079384,0.004015975098477238,0.018295308274504412,0.008798070134262221
1660.6997213954544,0.004014337501207548,0.018288892662672675,0.008794832397865836
1660.8831835829706,0.004012700548480104,0.018282479080537685,0.008791595769894738
1661.0666457704867,0.004011064240051836,0.01827606752754752,0.008788360250002417
1661.2501079580027,0.004009428575679752,0.018269658003150387,0.00878512583784247
1661.4335701455188,0.004007793555120956,0.018263250506794622,0.008781892533068596
1661.617032333035,0.004006159178132638,0.018256845037928664,0.008778660335334585
1661.800494520551,0.004004525444472076,0.018250441596001095,0.00877542924429433
1661.9839567080671,0.004002892353896643,0.0182440401804606,0.008772199259601831
1662.167418895583,0.0040012599061637925,0.018237640790756016,0.008768970380911182
1662.350881083099,0.003999628101031074,0.018231243426336266,0.008765742607876582
1662.5343432706152,0.003997996938256117,0.018224848086650418,0.008762515940152316
1662.7178054581311,0.003996366417596651,0.01821845477114766,0.00875929037739279
1662.9012676456473,0.003994736538810487,0.018212063479277292,0.00875606591925249
1663.0847298331635,0.003993107301655525,0.018205674210488746,0.008752842565386018
1663.2681920206794,0.003991478705889758,0.018199286964231575,0.008749620315448067
1663.4516542081956,0.003989850751271263,0.018192901739955455,0.008746399169093434
1663.6351163957117,0.003988223437558206,0.018186518537110178,0.008743179125977009
1663.8185785832277,0.003986596764508842,0.018180137355145662,0.008739960185753789
1664.0020407707439,0.003984970731881519,0.018173758193511934,0.008736742348078867
1664.18550295826,0.003983345339434667,0.018167381051659173,0.008733525612607434
1664.3689651457757,0.003981720586926809,0.018161005929037653,0.00873030997899479
1664.552427333292,0.003980096474116553,0.018154632825097786,0.008727095446896326
1664.7358895208079,0.003978473000762596,0.018148261739290097,0.008723882015967535
1664.919351708324,0.003976850166623729,0.018141892671065245,0.008720669685864012
1665.1028138958402,0.003975227971458823,0.018135525619873985,0.008717458456241445
1665.2862760833561,0.00397360641502684,0.01812916058516722,0.008714248326755623
1665.4697382708723,0.003971985497086836,0.018122797566395957,0.008711039297062444
1665.6532004583885,0.003970365217397945,0.018116436563011342,0.008707831366817898
1665.8366626459044,0.003968745575719397,0.018110077574464624,0.008704624535678065
1666.0201248334206,0.003967126571810507,0.018103720600207193,0.008701418803299145
1666.2035870209368,0.003965508205430677,0.018097365639690548,0.008698214169337422
1666.3870492084525,0.003963890476339401,0.018091012692366314,0.008695010633449284
1666.5705113959687,0.00396227338429626,0.018084661757686235,0.008691808195291221
1666.7539735834848,0.003960656929060918,0.018078312835102188,0.00868860685451982
1666.9374357710008,0.003959041110393132,0.01807196592406615,0.008685406610791762
1667.120897958517,0.00395742592805275,0.018065621024030233,0.008682207463763837
1667.3043601460329,0.003955811381799697,0.018059278134446678,0.00867900941309293
1667.487822333549,0.0039541974713939955,0.01805293725476783,0.00867581245843602
1667.6712845210652,0.003952584196595752,0.018046598384446173,0.008672616599450188
1667.8547467085812,0.003950971557165159,0.018040261522934295,0.00866942183579262
1668.0382088960973,0.0039493595528625,0.018033926669684928,0.008666228167120595
1668.2216710836135,0.003947748183448148,0.01802759382415089,0.008663035593091492
1668.4051332711292,0.003946137448682557,0.01802126298578517,0.00865984411336279
1668.5885954586454,0.003944527348326275,0.018014934154040835,0.008656653727592067
1668.7720576461616,0.003942917882139933,0.01800860732837109,0.008653464435436999
1668.9555198336775,0.003941309049884254,0.018002282508229266,0.00865027623655536
1669.1389820211937,0.003939700851320046,0.017995959693068806,0.008647089130605029
1669.3224442087096,0.003938093286208203,0.017989638882343274,0.008643903117243971
1669.5059063962258,0.003936486354309709,0.017983320075506373,0.008640718196130263
1669.689368583742,0.003934880055385632,0.017977003272011904,0.008637534366922075
1669.872830771258,0.003933274389197132,0.01797068847131381,0.008634351629277675
1670.056292958774,0.003931669355505452,0.017964375672866136,0.008631169982855433
1670.2397551462902,0.003930064954071926,0.017958064876123062,0.008627989427313814
1670.4232173338062,0.003928461184657975,0.01795175608053888,0.008624809962311382
1670.6066795213221,0.003926858047025103,0.01794544928556801,0.008621631587506803
1670.7901417088383,0.003925255540934903,0.017939144490664992,0.008618454302558837
1670.9736038963542,0.0039236536661490596,0.01793284169528448,0.008615278107126347
1671.1570660838704,0.0039220524224293386,0.017926540898881266,0.008612103000868291
1671.3405282713866,0.003920451809537599,0.017920242100910234,0.008608928983443728
1671.5239904589025,0.003918851827235779,0.017913945300826427,0.00860575605451181
1671.7074526464187,0.003917252475285909,0.017907650498084977,0.008602584213731798
1671.8909148339346,0.003915653753450104,0.017901357692141153,0.008599413460763042
1672.0743770214508,0.0039140556614905685,0.01789506688245034,0.008596243795264991
1672.257839208967,0.003912458199169593,0.017888778068468048,0.008593075216897197
1672.441301396483,0.003910861366249557,0.017882491249649902,0.00858990772531931
1672.624763583999,0.003909265162492918,0.01787620642545165,0.008586741320191073
1672.808225771515,0.003907669587662232,0.017869923595329174,0.008583576001172337
1672.991687959031,0.0039060746415201333,0.017863642758738443,0.008580411767923032
1673.1751501465471,0.003904480323829348,0.017857363915135586,0.00857724862010321
1673.3586123340633,0.0039028866343526853,0.017851087063976822,0.008574086557373
1673.5420745215793,0.003901293572853045,0.017844812204718515,0.008570925579392649
1673.7255367090954,0.0038997011390934097,0.017838539336817134,0.008567765685822484
1673.9089988966114,0.003898109332836848,0.017832268459729274,0.008564606876322942
1674.0924610841275,0.0038965181538465196,0.017825999572911654,0.008561449150554554
1674.2759232716437,0.0038949276018856705,0.01781973267582111,0.00855829250817795
1674.4593854591596,0.0038933376767176253,0.017813467767914593,0.008555136948853853
1674.6428476466758,0.003891748378105803,0.017807204848649182,0.008551982472243091
1674.826309834192,0.0038901597058137068,0.01780094391748208,0.008548829078006585
1675.0097720217077,0.0038885716596049275,0.017794684973870604,0.008545676765805355
1675.1932342092239,0.0038869842392431388,0.017788428017272186,0.008542525535300523
1675.37669639674,0.003885397444492103,0.01778217304714439,0.008539375386153299
1675.560158584256,0.0038838112751156686,0.017775920062944903,0.008536226318025001
1675.7436207717722,0.0038822257308777698,0.017769669064131514,0.008533078330577037
1675.9270829592883,0.003880640811542427,0.01776342005016215,0.008529931423470919
1676.1105451468043,0.0038790565168737483,0.01775717302049486,0.008526785596368255
1676.2940073343204,0.0038774728466359257,0.017750927974587792,0.008523640848930748
1676.4774695218364,0.0038758898005932393,0.017744684911899237,0.008520497180820197
1676.6609317093526,0.0038743073785100545,0.017738443831887597,0.008517354591698506
1676.8443938968687,0.003872725580150819,0.01773220473401139,0.008514213081227667
1677.0278560843844,0.0038711444052800725,0.017725967617729273,0.008511072649069782
1677.2113182719006,0.003869563853662439,0.017719732482500004,0.008507933294887037
1677.3947804594168,0.0038679839250626248,0.017713499327782458,0.008504795018341723
1677.5782426469327,0.0038664046192454274,0.01770726815303565,0.008501657819096226
1677.761704834449,0.003864825935975729,0.017701038957718695,0.008498521696813031
1677.945167021965,0.003863247875018492,0.017694811741290853,0.008495386651154724
1678.128629209481,0.0038616704361387685,0.01768858650321148,0.008492252681783977
1678.3120913969972,0.003860093619101701,0.017682363242940057,0.008489119788363569
1678.4955535845131,0.00385851742367251,0.017676141959936196,0.008485987970556372
1678.6790157720293,0.0038569418496165056,0.01766992265365962,0.00848285722802536
1678.8624779595455,0.0038553668966990807,0.01766370532357017,0.008479727560433593
1679.0459401470612,0.00385379256468572,0.017657489969127815,0.008476598967444241
1679.2294023345773,0.0038522188533419892,0.017651276589792646,0.00847347144872057
1679.4128645220935,0.003850645762433536,0.017645065185024865,0.008470345003925931
1679.5963267096095,0.003849073291726101,0.017638855754284796,0.008467219632723786
1679.7797888971256,0.0038475014409855104,0.01763264829703289,0.00846409533477769
1679.9632510846418,0.0038459302099776646,0.017626442812729706,0.008460972109751285
1680.1467132721577,0.0038443595984685637,0.01762023930083593,0.008457849957308323
1680.330175459674,0.0038427896062242827,0.017614037760812374,0.008454728877112648
1680.51363764719,0.0038412202330109875,0.017607838192119956,0.008451608868828201
1680.697099834706,0.0038396514785949284,0.017601640594219727,0.008448489932119019
1680.8805620222222,0.003838083342742439,0.01759544496657285,0.008445372066649238
1681.0640242097381,0.003836515825219939,0.01758925130864061,0.008442255272083086
1681.247486397254,0.0038349489257939345,0.01758305961988441,0.008439139548084893
1681.4309485847702,0.003833382644231017,0.01757686989976577,0.008436024894319086
1681.6144107722862,0.0038318169802978594,0.017570682147746347,0.008432911310450184
1681.7978729598024,0.0038302519337612257,0.017564496363287895,0.00842979879614281
1681.9813351473185,0.0038286875043879584,0.0175583125458523,0.008426687351061671
1682.1647973348345,0.0038271236919449904,0.01755213069490157,0.008423576974871588
1682.3482595223506,0.003825560496199338,0.01754595080989782,0.008420467667237464
1682.5317217098668,0.0038239979169181005,0.01753977289030329,0.008417359427824301
1682.7151838973828,0.0038224359538684624,0.017533596935580355,0.008414252256297208
1682.898646084899,0.003820874606817698,0.01752742294519149,0.008411146152321377
1683.0821082724149,0.00381931387553316,0.01752125091859929,0.008408041115562103
1683.265570459931,0.0038177537597822884,0.017515080855266475,0.008404937145684776
1683.449032647447,0.0038161942593326085,0.0175089127546559,0.008401834242354888
1683.632494834963,0.0038146353739517296,0.017502746616230504,0.008398732405238016
1683.815957022479,0.003813077103407348,0.017496582439453387,0.008395631633999846
1683.9994192099953,0.0038115194474672384,0.017490420223787734,0.008392531928306147
1684.1828813975112,0.0038099624058992683,0.017484259968696868,0.008389433287822799
1684.3663435850274,0.0038084059784713868,0.017478101673644227,0.008386335712215767
1684.5498057725436,0.003806850164951626,0.01747194533809336,0.008383239201151119
1684.7332679600595,0.0038052949651081027,0.017465790961507955,0.008380143754295011
1684.9167301475757,0.003803740378709018,0.017459638543351794,0.008377049371313703
1685.1001923350918,0.003802186405522661,0.0174534880830888,0.008373956051873549
1685.2836545226078,0.0038006330453174003,0.017447339580183,0.008370863795640997
1685.467116710124,0.0037990802978616926,0.017441193034098558,0.008367772602282594
1685.6505788976397,0.0037975281629240775,0.017435048444299737,0.00836468247146498
1685.8340410851558,0.00379597664027318,0.017428905810250934,0.0083615934028549
1686.017503272672,0.003794425729677707,0.017422765131416655,0.008358505396119176
1686.200965460188,0.0037928754309064514,0.017416626407261528,0.008355418450924745
1686.3844276477041,0.0037913257437282902,0.017410489637250306,0.00835233256693863
1686.5678898352203,0.0037897766679121842,0.01740435482084786,0.008349247743827956
1686.7513520227362,0.0037882282032271806,0.017398221957519163,0.008346163981259935
1686.9348142102524,0.0037866803494424105,0.017392091046729338,0.008343081278901886
1687.1182763977686,0.003785133106327083,0.017385962087943595,0.008339999636421212
1687.3017385852845,0.003783586473650498,0.01737983508062729,0.00833691905348542
1687.4852007728007,0.0037820404511820366,0.017373710024245877,0.008333839529762114
1687.6686629603164,0.0037804950386911645,0.01736758691826494,0.008330761064918982
1687.8521251478326,0.0037789502359474336,0.017361465762150183,0.008327683658623825
1688.0355873353487,0.0037774060427204744,0.01735534655536743,0.008324607310544527
1688.2190495228647,0.003775862458780005,0.017349229297382605,0.008321532020349066
1688.4025117103808,0.0037743194838958305,0.01734311398766178,0.00831845778770553
1688.585973897897,0.0037727771178378334,0.017337000625671117,0.008315384612282088
1688.769436085413,0.0037712353603759816,0.017330889210876922,0.008312312493747009
1688.9528982729291,0.003769694211280332,0.017324779742745613,0.008309241431768663
1689.1363604604453,0.0037681536703210164,0.01731867222074371,0.008306171426015505
1689.3198226479612,0.0037666137372682597,0.01731256664433787,0.008303102476156095
1689.5032848354774,0.003765074411892364,0.017306463012994863,0.008300034581859085
1689.6867470229936,0.0037635356939637204,0.017300361326181582,0.008296967742793223
1689.8702092105093,0.0037619975832527937,0.017294261583365025,0.008293901958627345
1690.0536713980255,0.003760460079530142,0.017288163784012323,0.008290837229030394
1690.2371335855414,0.003758923182566406,0.017282067927590718,0.008287773553671402
1690.4205957730576,0.003757386892132305,0.01727597401356757,0.008284710932219495
1690.6040579605738,0.003755851207998646,0.017269882041410372,0.0082816493643439
1690.7875201480897,0.003754316129936315,0.017263792010586716,0.008278588849713933
1690.9709823356059,0.0037527816577162887,0.01725770392056432,0.00827552938799901
1691.154444523122,0.0037512477911096206,0.017251617770811023,0.00827247097886864
1691.337906710638,0.003749714529887449,0.017245533560794786,0.008269413621992423
1691.5213688981542,0.003748181873820998,0.017239451289983672,0.008266357317040065
1691.7048310856703,0.003746649822681572,0.017233370957845884,0.008263302063681354
1691.888293273186,0.0037451183762405617,0.01722729256384973,0.008260247861586184
1692.0717554607022,0.0037435875342694365,0.017221216107463636,0.008257194710424536
1692.2552176482181,0.0037420572965397546,0.017215141588156152,0.00825414260986649
1692.4386798357343,0.0037405276628231544,0.017209069005395948,0.008251091559582223
1692.6221420232505,0.0037389986328913555,0.0172029983586518,0.008248041559242
1692.8056042107664,0.003737470206516165,0.01719692964739262,0.008244992608516187
1692.9890663982826,0.0037359423834694696,0.017190862871087415,0.008241944707075241
1693.1725285857988,0.00373441516352324,0.01718479802920534,0.00823889785458972
1693.3559907733147,0.003732888546449529,0.017178735121215642,0.008235852050730269
1693.5394529608309,0.0037313625320204748,0.017172674146587703,0.008232807295167632
1693.722915148347,0.003729837120008299,0.01716661510479101,0.008229763587572646
1693.906377335863,0.0037283123101853033,0.017160557995295173,0.008226720927616244
1694.089839523379,0.003726788102323871,0.017154502817569927,0.008223679314969454
1694.273301710895,0.003725264496196471,0.017148449571085127,0.008220638749303396
1694.456763898411,0.0037237414915756565,0.017142398255310727,0.008217599230289294
1694.6402260859272,0.003722219088234059,0.01713634886971682,0.008214560757598448
1694.8236882734432,0.003720697285944396,0.0171303014137736,0.00821152333090227
1695.0071504609593,0.003719176084479469,0.017124255886951392,0.00820848694987226
1695.1906126484755,0.003717655483612155,0.01711821228872064,0.00820545161418001
1695.3740748359915,0.0037161354831154216,0.01711217061855188,0.008202417323497208
1695.5575370235076,0.0037146160827623157,0.017106130875915806,0.008199384077495644
1695.7409992110238,0.0037130972823259693,0.017100093060283202,0.008196351875847191
1695.9244613985397,0.003711579081579592,0.017094057171124978,0.008193320718223825
1696.107923586056,0.0037100614802964803,0.01708802320791216,0.008190290604297604
1696.291385773572,0.003708544478250011,0.0170819911701159,0.008187261533740702
1696.4748479610878,0.003707028075213644,0.017075961057207455,0.008184233506225366
1696.658310148604,0.0037055122709609206,0.017069932868658204,0.008181206521423946
1696.84177233612,0.003703997065265466,0.017063906603939652,0.008178180579008886
1697.025234523636,0.003702482457900988,0.017057882262523413,0.008175155678652728
1697.2086967111522,0.0037009684486412737,0.01705185984388122,0.008172131820028098
1697.3921588986682,0.003699455037260197,0.017045839347484926,0.008169109002807727
1697.5756210861844,0.0036979422235317106,0.017039820772806503,0.008166087226664436
1697.7590832737005,0.0036964300072298483,0.017033804119318038,0.008163066491271133
1697.9425454612165,0.0036949183881287303,0.01702778938649173,0.008160046796300831
1698.1260076487326,0.0036934073660025595,0.017021776573799906,0.008157028141426633
1698.3094698362488,0.0036918969406256135,0.017015765680715007,0.008154010526321736
1698.4929320237645,0.00369038711177226,0.017009756706709588,0.008150993950659428
1698.6763942112807,0.0036888778792169446,0.01700374965125632,0.008147978414113095
1698.8598563987969,0.0036873692427341967,0.016997744513828003,0.008144963916356215
1699.0433185863128,0.003685861202098627,0.016991741293897543,0.008141950457062359
1699.226780773829,0.003684353757084925,0.016985739990937974,0.008138938035905196
1699.410242961345,0.0036828469074678726,0.016979740604422432,0.008135926652558485
1699.593705148861,0.0036813406530223193,0.016973743133824187,0.008132916306696082
1699.7771673363773,0.0036798349935232037,0.016967747578616615,0.008129906997991928
1699.9606295238932,0.0036783299287455468,0.016961753938273212,0.008126898726120067
1700.1440917114094,0.0036768254584644542,0.0169557622122676,0.00812389149075464
1700.3275538989255,0.003675321582455103,0.016949772400073497,0.008120885291569863
1700.5110160864413,0.0036738183004927623,0.016943784501164762,0.00811788012824007
1700.6944782739574,0.0036723156123527807,0.01693779851501536,0.008114876000439671
1700.8779404614736,0.0036708135178105867,0.016931814441099376,0.008111872907843178
1701.0614026489895,0.003669312016641688,0.016925832278891006,0.008108870850125193
1701.2448648365057,0.003667811108621681,0.016919852027864574,0.008105869826960415
1701.4283270240217,0.0036663107935262355,0.01691387368749451,0.008102869838023627
1701.6117892115378,0.003664811071131107,0.016907897257255364,0.008099870882989718
1701.795251399054,0.003663311941212133,0.01690192273662181,0.008096872961533661
1701.97871358657,0.0036618134035452327,0.016895950125068636,0.008093876073330532
1702.162175774086,0.0036603154579064037,0.016889979422070742,0.008090880218055492
1702.3456379616023,0.003658818104071728,0.016884010627103156,0.0080878853953838
1702.529100149118,0.0036573213418173676,0.016878043739641004,0.008084891604990799
1702.7125623366342,0.0036558251709195673,0.016872078759159546,0.00808189884655194
1702.8960245241503,0.0036543295911546534,0.016866115685134162,0.008078907119742762
1703.0794867116663,0.0036528346022990294,0.016860154517040336,0.00807591642423889
1703.2629488991824,0.0036513402041291844,0.016854195254353666,0.008072926759716046
1703.4464110866986,0.003649846396421688,0.016848237896549885,0.008069938125850051
1703.6298732742146,0.0036483531789531913,0.016842282443104824,0.008066950522316815
1703.8133354617307,0.0036468605515004244,0.016836328893494443,0.00806396394879234
1703.9967976492467,0.003645368513840198,0.016830377247194817,0.00806097840495272
1704.1802598367628,0.003643877065749406,0.016824427503682134,0.008057993890474143
1704.363722024279,0.0036423862070050243,0.016818479662432703,0.008055010405032897
1704.547184211795,0.0036408959373841108,0.01681253372292294,0.008052027948305352
1704.730646399311,0.0036394062566637983,0.016806589684629406,0.00804904651996798
1704.914108586827,0.003637917164621307,0.016800647547028737,0.008046066119697342
1705.097570774343,0.003636428661033935,0.01679470730959771,0.008043086747170088
1705.2810329618592,0.003634940745679061,0.01678876897181322,0.008040108402062965
1705.4644951493754,0.0036334534183341456,0.016782832533152277,0.008037131084052816
1705.6479573368913,0.0036319666787767305,0.016776897993091993,0.008034154792816573
1705.8314195244075,0.0036304805267844387,0.016770965351109626,0.00803117952803126
1706.0148817119234,0.003628994962134971,0.016765034606682522,0.008028205289373997
1706.1983438994396,0.003627509984606115,0.016759105759288153,0.008025232076521994
1706.3818060869557,0.003626025593975731,0.01675317880840412,0.008022259889152556
1706.5652682744717,0.0036245417900217652,0.016747253753508114,0.008019288726943078
1706.7487304619879,0.003623058572522246,0.016741330594077973,0.00801631858957105
1706.932192649504,0.003621575941255277,0.01673540932959163,0.008013349476714051
1707.1156548370197,0.003620093895999045,0.016729489959527152,0.008010381388049763
1707.299117024536,0.0036186124365318213,0.01672357248336269,0.008007414323255944
1707.482579212052,0.0036171315626319484,0.016717656900576545,0.008004448282010457
1707.666041399568,0.003615651274077862,0.016711743210647126,0.008001483263991258
1707.8495035870842,0.0036141715706480677,0.01670583141305295,0.007998519268876386
1708.0329657746004,0.003612692452121153,0.016699921507272657,0.00799555629634398
1708.2164279621163,0.0036112139182757916,0.016694013492785004,0.00799259434607227
1708.3998901496325,0.003609735968890731,0.01668810736906886,0.007989633417739578
1708.5833523371484,0.003608258603744805,0.016682203135603205,0.007986673511024318
1708.7668145246646,0.0036067818226169224,0.016676300791867146,0.007983714625604993
1708.9502767121808,0.0036053056252860734,0.016670400337339904,0.007980756761160205
1709.1337388996965,0.003603830011531335,0.01666450177150082,0.007977799917368647
1709.3172010872127,0.003602354981131854,0.01665860509382934,0.007974844093909101
1709.5006632747288,0.003600880533866868,0.01665271030380503,0.007971889290460447
1709.6841254622448,0.0035994066695156832,0.016646817400907583,0.007968935506701642
1709.867587649761,0.003597933387857696,0.016640926384616794,0.007965982742311759
1710.051049837277,0.0035964606886723775,0.016635037254412576,0.007963030996969942
1710.234512024793,0.0035949885717392804,0.01662915000977497,0.007960080270355439
1710.4179742123092,0.003593517036838039,0.016623264650184114,0.007957130562147585
1710.6014363998252,0.0035920460837483652,0.016617381175120276,0.007954181872025809
1710.7848985873413,0.00359057571225005,0.016611499584063848,0.007951234199669633
1710.9683607748575,0.003589105922122969,0.016605619876495312,0.00794828754475867
1711.1518229623732,0.0035876367131470743,0.016599742051895294,0.007945341906972627
1711.3352851498894,0.003586168085102398,0.01659386610974451,0.007942397285991295
1711.5187473374056,0.0035847000377690523,0.016587992049523805,0.007939453681494565
1711.7022095249215,0.003583232570927229,0.016582119870714142,0.007936511093162417
1711.8856717124377,0.003581765684357199,0.0165762495727966,0.007933569520674923
1712.0691338999538,0.0035802993778393188,0.016570381155252372,0.007930628963712253
1712.2525960874698,0.0035788336511540174,0.01656451461756276,0.007927689421954657
1712.436058274986,0.003577368504081806,0.01655864995920919,0.007924750895082485
1712.6195204625021,0.003575903936403274,0.0165527871796732,0.007921813382776175
1712.802982650018,0.003574439947899096,0.016546926278436454,0.007918876884716264
1712.9864448375342,0.0035729765383500202,0.01654106725498071,0.00791594140058337
1713.16990702505,0.003571513707536876,0.016535210108787862,0.00791300693005821
1713.3533692125661,0.0035700514552405743,0.016529354839339906,0.007910073472821588
1713.5368314000823,0.003568589781242102,0.016523501446118964,0.007907141028554401
1713.7202935875982,0.003567128685322532,0.016517649928607266,0.007904209596937647
1713.9037557751144,0.0035656681672630087,0.016511800286287175,0.007901279177652404
1714.0872179626306,0.0035642082268447562,0.01650595251864114,0.007898349770379839
1714.2706801501465,0.003562748863849088,0.016500106625151754,0.007895421374801223
1714.4541423376627,0.0035612900780573873,0.016494262605301697,0.00789249399059791
1714.6376045251789,0.003559831869251121,0.016488420458573794,0.007889567617451347
1714.8210667126948,0.003558374237211831,0.01648258018445096,0.007886642255043073
1715.004528900211,0.003556917181721146,0.016476741782416253,0.007883717903054716
1715.187991087727,0.0035554607025607664,0.016470905251952814,0.007880794561168001
1715.3714532752429,0.0035540047995124766,0.01646507059254393,0.007877872229064744
1715.554915462759,0.003552549472358136,0.016459237803672984,0.007874950906426842
1715.738377650275,0.0035510947208796883,0.016453406884823475,0.007872030592936294
1715.9218398377911,0.0035496405448591528,0.016447577835479024,0.007869111288275183
1716.1053020253073,0.0035481869440786296,0.016441750655123377,0.007866192992125697
1716.2887642128233,0.003546733918320296,0.016435925343240367,0.007863275704170097
1716.4722264003394,0.0035452814673664103,0.01643010189931397,0.007860359424090746
1716.6556885878556,0.003543829590999309,0.016424280322828264,0.007857444151570095
1716.8391507753715,0.003542378289001407,0.016418460613267447,0.007854529886290687
1717.0226129628877,0.0035409275611552006,0.01641264277011583,0.00785161662793516
1717.2060751504039,0.0035394774072432605,0.01640682679285783,0.007848704376186233
1717.3895373379198,0.0035380278270482415,0.016401012680978006,0.007845793130726725
1717.572999525436,0.0035365788203528736,0.016395200433961,0.007842882891239546
1717.7564617129517,0.003535130386939967,0.016389390051291586,0.007839973657407686
1717.9399239004679,0.003533682526592411,0.016383581532454655,0.007837065428914243
1718.123386087984,0.003532235239093173,0.016377774876935203,0.00783415820544239
1718.3068482755,0.0035307885242252986,0.01637197008421835,0.007831251986675402
1718.4903104630162,0.003529342381771915,0.01636616715378933,0.007828346772296638
1718.6737726505323,0.0035278968115162214,0.01636036608513349,0.007825442561989556
1718.8572348380483,0.0035264518132415066,0.016354566877736294,0.007822539355437695
1719.0406970255644,0.0035250073867311273,0.01634876953108331,0.007819637152324688
1719.2241592130806,0.0035235635317685246,0.016342974044660237,0.007816735952334267
1719.4076214005966,0.0035221202481372136,0.016337180417952877,0.007813835755150236
1719.5910835881127,0.003520677535620799,0.01633138865044715,0.007810936560456514
1719.7745457756284,0.00351923539400295,0.01632559874162911,0.007808038367937092
1719.9580079631446,0.0035177938230674223,0.01631981069098489,0.007805141177276061
1720.1414701506608,0.003516352822598047,0.016314024498000766,0.007802244988157597
1720.3249323381767,0.0035149123923787343,0.016308240162163114,0.007799349800265969
1720.508394525693,0.003513472532193477,0.016302457682958432,0.007796455613285537
1720.691856713209,0.00351203324182634,0.01629667705987333,0.0077935624269007565
1720.875318900725,0.003510594521061467,0.01629089829239454,0.00779067024079616
1721.0587810882412,0.003509156369683087,0.016285121380008896,0.007787779054656387
1721.2422432757573,0.0035077187874755014,0.01627934632220335,0.007784888868166154
1721.4257054632733,0.003506281774223087,0.01627357311846498,0.007781999681010274
1721.6091676507895,0.003504845329710306,0.016267801768280958,0.007779111492873648
1721.7926298383056,0.0035034094537216933,0.01626203227113859,0.007776224303441273
1721.9760920258213,0.0035019741460418675,0.016256264626525296,0.007773338112398234
1722.1595542133375,0.0035005394064555203,0.0162504988339286,0.007770452919429701
1722.3430164008535,0.003499105234747423,0.016244734892836135,0.007767568724220938
1722.5264785883696,0.003497671630702425,0.01623897280273567,0.007764685526457302
1722.7099407758858,0.003496238594105451,0.016233212563115072,0.007761803325824233
1722.8934029634017,0.0034948061247415106,0.016227454173462327,0.007758922122007271
1723.076865150918,0.003493374222395687,0.016221697633265537,0.00775604191469204
1723.260327338434,0.003491942886853142,0.016215942942012916,0.007753162703564252
1723.44378952595,0.003490512117899114,0.0162101900991928,0.00775028448830972
1723.6272517134662,0.0034890819153189185,0.01620443910429363,0.007747407268614334
1723.8107139009824,0.0034876522788979533,0.016198689956803958,0.007744531044164079
1723.994176088498,0.0034862232084216923,0.016192942656212465,0.007741655814645035
1724.1776382760142,0.0034847947036756857,0.016187197202007925,0.007738781579743362
1724.3611004635302,0.0034833667644455593,0.01618145359367926,0.007735908339145321
1724.5445626510464,0.0034819393905170222,0.01617571183071547,0.007733036092537256
1724.7280248385625,0.0034805125816758597,0.01616997191260569,0.007730164839605603
1724.9114870260785,0.0034790863377079304,0.016164233838839172,0.007727294580036889
1725.0949492135946,0.003477660658399176,0.01615849760890526,0.0077244253135177274
1725.2784114011108,0.0034762355435356135,0.016152763222293438,0.007721557039734825
1725.4618735886268,0.0034748109929033356,0.016147030678493282,0.007718689758374975
1725.645335776143,0.0034733870062885184,0.016141299976994504,0.007715823469125066
1725.828797963659,0.003471963583477409,0.01613557111728691,0.00771295817167207
1726.0122601511748,0.003470540724256334,0.01612984409886044,0.007710093865703055
1726.195722338691,0.0034691184284116995,0.016124118921205133,0.007707230550905173
1726.3791845262072,0.003467696695729988,0.01611839558381115,0.00770436822696567
1726.562646713723,0.0034662755259977592,0.016112674086168753,0.007701506893571878
1726.7461089012393,0.0034648549190016502,0.01610695442776834,0.007698646550411225
1726.9295710887552,0.0034634348745283747,0.016101236608100398,0.007695787197171218
1727.1130332762714,0.0034620153923647264,0.01609552062665555,0.007692928833539464
1727.2964954637876,0.0034605964722975715,0.016089806482924518,0.007690071459203656
1727.4799576513035,0.003459178114113859,0.016084094176398143,0.0076872150738515705
1727.6634198388197,0.003457760317600612,0.016078383706567383,0.007684359677171083
1727.8468820263358,0.0034563430825449307,0.016072675072923308,0.007681505268850157
1728.0303442138518,0.003454926408733993,0.016066968274957107,0.00767865184857684
1728.2138064013677,0.003453510295955057,0.016061263312160068,0.007675799416039272
1728.397268588884,0.00345209474399545,0.01605556018402361,0.007672947970925685
1728.5807307763998,0.0034506797526425875,0.016049858890039247,0.0076700975129243955
1728.764192963916,0.0034492653216839516,0.01604415942969863,0.007667248041723812
1728.947655151432,0.0034478514509071094,0.0160384618024935,0.007664399557012434
1729.1311173389481,0.003446438140099698,0.016032766007915727,0.007661552058478844
1729.3145795264643,0.003445025389049436,0.0160270720454573,0.007658705545811722
1729.4980417139802,0.0034436131975441194,0.0160213799146103,0.007655860018699831
1729.6815039014964,0.003442201565371619,0.01601568961486694,0.00765301547683203
1729.8649660890126,0.0034407904923198845,0.016010001145719543,0.007650171919897258
1730.0484282765285,0.0034393799781769394,0.01600431450666054,0.007647329347584551
1730.2318904640447,0.0034379700227308877,0.015998629697182475,0.007644487759583031
1730.4153526515609,0.003436560625769909,0.015992946716778016,0.00764164715558191
1730.5988148390766,0.0034351517870822553,0.01598726556493994,0.007638807535270485
1730.7822770265927,0.003433743506456263,0.01598158624116113,0.0076359688983381495
1730.965739214109,0.00343233578368034,0.015975908744934583,0.007633131244474378
1731.1492014016249,0.0034309286185429722,0.015970233075753435,0.007630294573368744
1731.332663589141,0.003429522010832722,0.0159645592331109,0.0076274588847108984
1731.516125776657,0.0034281159603382293,0.015958887216500323,0.0076246241781905925
1731.6995879641731,0.0034267104668482123,0.01595321702541516,0.007621790453497657
1731.8830501516893,0.0034253055301514596,0.015947548659348984,0.007618957710322015
1732.0665123392052,0.0034239011500368432,0.01594188211779548,0.007616125948353683
1732.2499745267214,0.0034224973262933075,0.01593621740024844,0.007613295167282759
1732.4334367142376,0.0034210940587098755,0.015930554506201768,0.007610465366799432
1732.6168989017533,0.0034196913470756437,0.015924893435149492,0.007607636546593982
1732.8003610892695,0.003418289191179791,0.015919234186585755,0.007604808706356781
1732.9838232767856,0.0034168875908115654,0.0159135767600048,0.00760198184577828
1733.1672854643016,0.0034154865457602978,0.01590792115490099,0.007599155964549027
1733.3507476518178,0.0034140860558153916,0.015902267370768802,0.007596331062359654
1733.5342098393337,0.0034126861207663256,0.01589661540710283,0.0075935071389008875
1733.7176720268499,0.003411286740402658,0.01589096526339777,0.007590684193863535
1733.901134214366,0.0034098879145140226,0.015885316939148436,0.0075878622269384965
1734.084596401882,0.0034084896428901285,0.015879670433849764,0.007585041237816764
1734.2680585893982,0.00340709192532076,0.01587402574699679,0.00758222122618941
1734.4515207769143,0.0034056947615957824,0.015868382878084678,0.0075794021917476055
1734.63498296443,0.0034042981515051314,0.015862741826608687,0.007576584134182602
1734.8184451519462,0.003402902094838821,0.0158571025920642,0.00757376705318574
1735.0019073394624,0.0034015065913869428,0.015851465173946717,0.007570950948448454
1735.1853695269783,0.003400111640939661,0.015845829571751836,0.007568135819662261
1735.3688317144945,0.0033987172432872214,0.015840195784975284,0.007565321666518773
1735.5522939020107,0.0033973233982199378,0.015834563813112892,0.007562508488709682
1735.7357560895266,0.0033959301055282096,0.01582893365566061,0.007559696285926778
1735.9192182770428,0.003394537365002506,0.01582330531211449,0.00755688505786193
1736.1026804645587,0.003393145176433373,0.015817678781970712,0.007554074804207102
1736.286142652075,0.003391753539611432,0.015812054064725557,0.007551265524654342
1736.469604839591,0.003390362454327381,0.01580643115987542,0.007548457218895789
1736.6530670271068,0.003388971920371994,0.015800810066916818,0.007545649886623669
1736.836529214623,0.003387581937536123,0.015795190785346365,0.007542843527530295
1737.019991402139,0.0033861925056106897,0.015789573314660816,0.007540038141308073
1737.203453589655,0.0033848036243866986,0.015783957654356993,0.007537233727649491
1737.3869157771712,0.0033834152936552285,0.01577834380393188,0.00753443028624713
1737.5703779646874,0.0033820275132074263,0.015772731762882547,0.007531627816793657
1737.7538401522033,0.0033806402828345295,0.01576712153070617,0.007528826318981827
1737.9373023397195,0.0033792536023278348,0.01576151310690006,0.007526025792504483
1738.1207645272355,0.003377867471478725,0.01575590649096163,0.007523226237054556
1738.3042267147516,0.003376481890078656,0.015750301682388397,0.007520427652325068
1738.4876889022678,0.003375096857919158,0.015744698680678012,0.007517630038009124
1738.6711510897837,0.0033737123747918365,0.01573909748532821,0.0075148333937999166
1738.8546132772997,0.0033723284404883758,0.015733498095836865,0.007512037719390734
1739.0380754648158,0.0033709450548005315,0.01572790051170195,0.007509243014474946
1739.2215376523318,0.003369562217520137,0.01572230473242155,0.007506449278746008
1739.404999839848,0.0033681799284391,0.015716710757493865,0.007503656511897471
1739.5884620273641,0.0033667981873494075,0.015711118586417213,0.0075008647136229675
1739.77192421488,0.003365416994043117,0.015705528218690017,0.007498073883616221
1739.9553864023962,0.0033640363483123646,0.015699939653810818,0.007495284021571043
1740.1388485899124,0.0033626562499493575,0.01569435289127826,0.007492495127181328
1740.3223107774284,0.0033612766987463835,0.015688767930591117,0.007489707200141067
1740.5057729649445,0.0033598976944958004,0.015683184771248256,0.007486920240144327
1740.6892351524605,0.0033585192369900477,0.015677603412748663,0.007484134246885277
1740.8726973399766,0.0033571413260216317,0.01567202385459144,0.007481349220058156
1741.0561595274928,0.0033557639613831423,0.015666446096275804,0.007478565159357309
1741.2396217150085,0.003354387142867239,0.015660870137301077,0.007475782064477155
1741.4230839025247,0.003353010870266661,0.015655295977166694,0.0074729999351122066
1741.6065460900409,0.003351635143374216,0.015649723615372202,0.007470218770957063
1741.7900082775568,0.003350259961982794,0.01564415305141727,0.007467438571706414
1741.973470465073,0.0033488853258853537,0.01563858428480166,0.007464659337055026
1742.1569326525891,0.003347511234874934,0.015633017315025265,0.007461881066697766
1742.340394840105,0.0033461376887446445,0.01562745214158809,0.007459103760329584
1742.5238570276213,0.0033447646872876726,0.015621888763990241,0.007456327417645517
1742.7073192151372,0.003343392230297281,0.01561632718173193,0.007453552038340684
1742.8907814026534,0.0033420203175668064,0.015610767394313496,0.0074507776221102995
1743.0742435901695,0.0033406489488896594,0.015605209401235392,0.00744800416864966
1743.2577057776853,0.003339278124059325,0.015599653201998168,0.00744523167765415
1743.4411679652014,0.003337907842869368,0.0155940987961025,0.007442460148819251
1743.6246301527176,0.003336538105113418,0.015588546183049171,0.007439689581840511
1743.8080923402335,0.00333516891058519,0.015582995362339074,0.007436919976413587
1743.9915545277497,0.0033338002590784705,0.015577446333473213,0.007434151332234211
1744.1750167152659,0.0033324321503871157,0.015571899095952708,0.007431383648998204
1744.3584789027818,0.003331064584305063,0.015566353649278794,0.007428616926401477
1744.541941090298,0.003329697560626322,0.015560809992952807,0.007425851164140023
1744.7254032778142,0.0033283310791449748,0.015555268126476205,0.007423086361909931
1744.90886546533,0.003326965139655182,0.01554972804935055,0.007420322519407366
1745.0923276528463,0.0033255997419511735,0.015544189761077526,0.007417559636328587
1745.275789840362,0.0033242348858272624,0.015538653261158908,0.00741479771236994
1745.4592520278782,0.003322870571077827,0.015533118549096617,0.007412036747227855
1745.6427142153943,0.0033215067974973257,0.015527585624392654,0.0074092767405988524
1745.8261764029103,0.003320143564880287,0.01552205448654915,0.007406517692179535
1746.0096385904264,0.0033187808730213188,0.015516525135068338,0.007403759601666596
1746.1931007779426,0.0033174187217151025,0.01551099756945257,0.0074010024687568175
1746.3765629654586,0.0033160571107563918,0.015505471789204297,0.007398246293147062
1746.5600251529747,0.0033146960399400146,0.01549994779382611,0.007395491074534287
1746.743487340491,0.003313335509060874,0.015494425582820673,0.007392736812615527
1746.9269495280068,0.0033119755179139483,0.015488905155690787,0.0073899835070879135
1747.110411715523,0.0033106160662942892,0.015483386511939364,0.0073872311576486565
1747.2938739030387,0.003309257153997023,0.015477869651069417,0.007384479763995059
1747.477336090555,0.0033078987808173484,0.015472354572584075,0.007381729325824505
1747.660798278071,0.003306540946550541,0.015466841275986581,0.007378979842834468
1747.844260465587,0.0033051836509919497,0.01546132976078029,0.007376231314722514
1748.0277226531032,0.0033038268939369945,0.015455820026468664,0.007373483741186282
1748.2111848406194,0.003302470675181176,0.01545031207255528,0.007370737121923511
1748.3946470281353,0.0033011149945200617,0.015444805898543823,0.007367991456632019
1748.5781092156515,0.003299759851749301,0.015439301503938102,0.007365246745009717
1748.7615714031676,0.003298405246664611,0.01543379888824201,0.007362502986754592
1748.9450335906836,0.0032970511790617815,0.015428298050959582,0.0073597601815647284
1749.1284957781997,0.0032956976487366818,0.01542279899159495,0.0073570183291382886
1749.311957965716,0.003294344655485256,0.015417301709652345,0.007354277429173529
1749.4954201532316,0.003292992199103515,0.015411806204636138,0.007351537481368789
1749.6788823407478,0.0032916402793875497,0.015406312476050787,0.007348798485422492
1749.8623445282637,0.0032902888961335217,0.015400820523400877,0.007346060441033151
1750.04580671578,0.003288938049137667,0.015395330346191099,0.007343323347899366
1750.229268903296,0.003287587738196295,0.015389841943926248,0.0073405872057198205
1750.412731090812,0.003286237963105793,0.015384355316111226,0.007337852014193283
1750.5961932783282,0.0032848887236626156,0.015378870462251079,0.007335117773018615
1750.7796554658444,0.0032835400196632946,0.01537338738185092,0.007332384481894756
1750.9631176533603,0.0032821918509044375,0.015367906074416007,0.007329652140520742
1751.1465798408765,0.003280844217182722,0.01536242653945169,0.0073269207485956835
1751.3300420283927,0.003279497118294901,0.015356948776463448,0.0073241903058187865
1751.5135042159086,0.003278150554037798,0.015351472784956844,0.007321460811889335
1751.6969664034248,0.0032768045242083177,0.01534599856443758,0.007318732266506711
1751.8804285909405,0.00327545902860343,0.01534052611441145,0.007316004669370368
1752.0638907784567,0.003274114067020184,0.015335055434384367,0.007313278020179859
1752.2473529659728,0.0032727696392556987,0.015329586523862359,0.0073105523186348135
1752.4308151534888,0.0032714257451071684,0.015324119382351554,0.00730782756443495
1752.614277341005,0.0032700823843718604,0.015318654009358204,0.007305103757280077
1752.797739528521,0.003268739556847118,0.015313190404388657,0.007302380896870082
1752.981201716037,0.0032673972623303523,0.015307728566949386,0.0072996589829049455
1753.1646639035532,0.0032660555006190513,0.01530226849654696,0.007296938015084728
1753.3481260910694,0.0032647142715107754,0.015296810192688078,0.007294217993109577
1753.5315882785853,0.0032633735748031608,0.015291353654879533,0.007291498916679728
1753.7150504661015,0.003262033410293911,0.015285898882628237,0.007288780785495505
1753.8985126536177,0.003260693777780813,0.015280445875441214,0.007286063599257311
1754.0819748411334,0.0032593546770617195,0.015274994632825592,0.007283347357665643
1754.2654370286496,0.003258016107934556,0.015269545154288616,0.007280632060421075
1754.4488992161655,0.0032566780701973217,0.015264097439337636,0.00727791770722427
1754.6323614036817,0.0032553405636480937,0.015258651487480119,0.007275204297775978
1754.8158235911978,0.0032540035880850157,0.015253207298223636,0.007272491831777037
1754.9992857787138,0.003252667143306311,0.015247764871075879,0.007269780308928368
1755.18274796623,0.0032513312291102695,0.015242324205544642,0.0072670697289309765
1755.3662101537461,0.0032499958452952608,0.015236885301137832,0.007264360091485957
1755.549672341262,0.0032486609916597227,0.01523144815736346,0.0072616513962944825
1755.7331345287782,0.003247326668002165,0.01522601277372967,0.007258943643057824
1755.9165967162944,0.0032459928741211765,0.015220579149744683,0.0072562368314773255
1756.1000589038101,0.0032446596098154104,0.015215147284916856,0.007253530961254422
1756.2835210913263,0.003243326874883602,0.015209717178754644,0.007250826032090631
1756.4669832788425,0.003241994669124557,0.015204288830766627,0.0072481220436875675
1756.6504454663584,0.003240662992337149,0.015198862240461483,0.007245418995746917
1756.8339076538746,0.003239331844320327,0.015193437407347996,0.007242716887970455
1757.0173698413905,0.0032380012248731127,0.01518801433093507,0.0072400157200600435
1757.2008320289067,0.003236671133794605,0.01518259301073172,0.007237315491717631
1757.3842942164229,0.0032353415708839704,0.015177173446247073,0.007234616202645254
1757.5677564039388,0.0032340125359404505,0.01517175563699035,0.007231917852545028
1757.751218591455,0.0032326840287633567,0.01516633958247091,0.007229220441119155
1757.9346807789711,0.003231356049152075,0.015160925282198192,0.007226523968069927
1758.1181429664869,0.003230028596906068,0.015155512735681767,0.007223828433099715
1758.301605154003,0.0032287016718248645,0.015150101942431307,0.0072211338359109796
1758.4850673415192,0.0032273752737080686,0.015144692901956603,0.007218440176206267
1758.6685295290351,0.0032260494023553577,0.015139285613767543,0.007215747453688207
1758.8519917165513,0.0032247240575664824,0.015133880077374134,0.007213055668059513
1759.0354539040673,0.0032233992391412607,0.015128476292286492,0.007210364819022985
1759.2189160915834,0.0032220749468795896,0.015123074258014846,0.007207674906281511
1759.4023782790996,0.003220751180581436,0.015117673974069523,0.007204985929538059
1759.5858404666155,0.0032194279400468385,0.01511227543996097,0.007202297888495683
1759.7693026541317,0.003218105225075909,0.015106878655199751,0.007199610782857527
1759.9527648416479,0.0032167830354688314,0.015101483619296533,0.007196924612326817
1760.1362270291636,0.0032154613710258613,0.015096090331762086,0.00719423937660686
1760.3196892166798,0.00321414023154733,0.015090698792107293,0.007191555075401056
1760.503151404196,0.003212819616833637,0.015085308999843155,0.007188871708412881
1760.6866135917119,0.003211499526685255,0.015079920954480783,0.007186189275345904
1760.870075779228,0.0032101799609027316,0.015074534655531388,0.007183507775903776
1761.0535379667442,0.0032088609192866824,0.015069150102506298,0.007180827209790228
1761.2370001542602,0.0032075424016377993,0.015063767294916952,0.0071781475767090834
1761.4204623417763,0.003206224407756844,0.015058386232274892,0.007175468876364248
1761.6039245292923,0.00320490693744465,0.015053006914091773,0.007172791108459707
1761.7873867168084,0.0032035899905021267,0.015047629339879364,0.00717011427269954
1761.9708489043246,0.0032022735667302494,0.015042253509149547,0.007167438368787904
1762.1543110918406,0.003200957665930071,0.015036879421414299,0.007164763396429043
1762.3377732793567,0.0031996422879027138,0.015031507076185724,0.007162089355327289
1762.5212354668727,0.0031983274324493736,0.01502613647297602,0.007159416245187053
1762.7046976543886,0.0031970130993713174,0.015020767611297507,0.007156744065712832
1762.8881598419048,0.0031956992884698823,0.015015400490662602,0.0071540728166092065
1763.071622029421,0.00319438599954648,0.015010035110583856,0.007151402497580851
1763.255084216937,0.0031930732324025935,0.0150046714705739,0.007148733108332514
1763.438546404453,0.0031917609868397784,0.014999309570145497,0.007146064648569034
1763.622008591969,0.0031904492626596615,0.014993949408811501,0.007143397117995327
1763.8054707794852,0.003189138059663938,0.014988590986084899,0.0071407305163164025
1763.9889329670013,0.0031878273776543807,0.014983234301478765,0.007138064843237352
1764.1723951545173,0.0031865172164328324,0.014977879354506294,0.007135400098463346
1764.3558573420335,0.0031852075758012043,0.014972526144680786,0.007132736281699643
1764.5393195295496,0.003183898455561484,0.014967174671515666,0.007130073392651594
1764.7227817170653,0.0031825898555157273,0.014961824934524443,0.007127411431024619
1764.9062439045815,0.003181281775466065,0.014956476933220752,0.0071247503965242345
1765.0897060920977,0.003179974215214698,0.014951130667118343,0.007122090288856041
1765.2731682796136,0.003178667174563897,0.014945786135731057,0.00711943110772571
1765.4566304671298,0.003177360653316007,0.014940443338572851,0.007116772852839013
1765.640092654646,0.003176054651273441,0.0149351022751578,0.007114115523901796
1765.823554842162,0.0031747491682386888,0.014929762945000083,0.007111459120619995
1766.007017029678,0.0031734442040143086,0.01492442534761399,0.007108803642699631
1766.190479217194,0.0031721397584029295,0.014919089482513914,0.007106149089846798
1766.3739414047102,0.0031708358312072535,0.01491375534921437,0.0071034954617676905
1766.5574035922264,0.0031695324222300566,0.014908422947229969,0.007100842758168578
1766.740865779742,0.003168229531274177,0.014903092276075437,0.007098190978755808
1766.9243279672583,0.003166927158142536,0.014897763335265607,0.007095540123235827
1767.1077901547744,0.0031656253026381186,0.014892436124315428,0.007092890191315154
1767.2912523422904,0.003164323964563982,0.014887110642739954,0.007090241182700399
1767.4747145298065,0.003163023143723262,0.014881786890054347,0.007087593097098251
1767.6581767173227,0.003161722839919154,0.014876464865773879,0.007084945934215485
1767.8416389048386,0.0031604230529549324,0.014871144569413935,0.007082299693758963
1768.0251010923548,0.003159123782633941,0.014865826000490006,0.007079654375435623
1768.2085632798708,0.0031578250287595936,0.014860509158517683,0.007077009978952492
1768.392025467387,0.003156526791135379,0.014855194043012684,0.0070743665040166855
1768.575487654903,0.0031552290695648555,0.01484988065349083,0.007071723950335398
1768.7589498424188,0.0031539318638516495,0.014844568989468041,0.007069082317615905
1768.942412029935,0.003152635173799461,0.014839259050460355,0.007066441605565568
1769.1258742174512,0.0031513389992120604,0.01483395083598392,0.007063801813891837
1769.309336404967,0.0031500433398932897,0.014828644345554986,0.007061162942302239
1769.4927985924833,0.0031487481956470617,0.014823339578689924,0.007058524990504388
1769.6762607799994,0.0031474535662773633,0.0148180365349052,0.007055887958205984
1769.8597229675154,0.0031461594515882463,0.014812735213717402,0.007053251845114808
1770.0431851550316,0.0031448658513838377,0.014807435614643219,0.007050616650938724
1770.2266473425477,0.003143572765468334,0.014802137737199447,0.007047982375385678
1770.4101095300637,0.0031422801936460036,0.014796841580902989,0.007045349018163703
1770.5935717175798,0.003140988135721184,0.01479154714527088,0.007042716578980921
1770.7770339050955,0.0031396965914982852,0.014786254429820237,0.007040085057545524
1770.9604960926117,0.0031384055607817886,0.014780963434068293,0.0070374544535658
1771.143958280128,0.003137115043376244,0.014775674157532398,0.007034824766750114
1771.3274204676438,0.003135825039086275,0.014770386599730002,0.007032195996806918
1771.51088265516,0.0031345355477165743,0.014765100760178668,0.007029568143444745
1771.6943448426762,0.0031332465690719047,0.014759816638396067,0.007026941206372211
1771.8778070301921,0.0031319581029571005,0.014754534233899974,0.0070243151852980145
1772.0612692177083,0.003130670149177066,0.014749253546208277,0.007021690079930943
1772.2447314052245,0.00312938270753678,0.01474397457483898,0.007019065889979864
1772.4281935927404,0.0031280957778412844,0.014738697319310184,0.007016442615153727
1772.6116557802566,0.003126809359895699,0.01473342177914011,0.007013820255161569
1772.7951179677725,0.0031255234535052115,0.014728147953847073,0.007011198809712506
1772.9785801552887,0.0031242380584750777,0.014722875842949509,0.00700857827851574
1773.1620423428046,0.0031229531746106284,0.01471760544596595,0.007005958661280551
1773.3455045303206,0.003121668801717261,0.014712336762415049,0.007003339957716308
1773.5289667178367,0.0031203849396004464,0.01470706979181557,0.007000722167532465
1773.712428905353,0.003119101588065724,0.014701804533686377,0.006998105290438557
1773.8958910928689,0.003117818746918704,0.014696540987546438,0.0069954893261441956
1774.079353280385,0.0031165364159650676,0.014691279152914844,0.0069928742743590845
1774.2628154679012,0.0031152545950105673,0.014686019029310781,0.0069902601347930065
1774.4462776554171,0.003113973283861023,0.014680760616253553,0.0069876469071558315
1774.6297398429333,0.0031126924823223286,0.014675503913262573,0.006985034591157508
1774.8132020304495,0.0031114121902004444,0.014670248919857343,0.006982423186508063
1774.9966642179654,0.003110132407301404,0.0146649956355575,0.006979812692917618
1775.1801264054816,0.003108853133431311,0.014659744059882773,0.0069772031100963725
1775.3635885929973,0.003107574368396337,0.014654494192353009,0.006974594437754606
1775.5470507805135,0.003106296112002726,0.01464924603248816,0.006971986675602683
1775.7305129680296,0.0031050183640567905,0.014643999579808279,0.0069693798233510535
1775.9139751555456,0.003103741124364915,0.014638754833833537,0.0069667738807102485
1776.0974373430618,0.003102464392733555,0.014633511794084208,0.006964168847390881
1776.280899530578,0.0031011881689692313,0.014628270460080677,0.006961564723103648
1776.4643617180939,0.003099912452878539,0.014623030831343439,0.006958961507559329
1776.64782390561,0.0030986372442681443,0.01461779290739309,0.006956359200468787
1776.8312860931262,0.003097362542944778,0.014612556687750338,0.0069537578015429645
1777.0147482806422,0.003096088348715246,0.014607322171936004,0.006951157310492892
1777.1982104681583,0.003094814661386422,0.014602089359471012,0.006948557727029682
1777.381672655674,0.0030935414807652523,0.014596858249876391,0.006945959050864525
1777.5651348431902,0.003092268806658747,0.014591628842673282,0.006943361281708696
1777.7485970307064,0.003090996638873993,0.014586401137382942,0.006940764419273558
1777.9320592182223,0.0030897249772181418,0.014581175133526723,0.006938168463270551
1778.1155214057385,0.003088453821498418,0.01457595083062609,0.006935573413411199
1778.2989835932547,0.0030871831715221154,0.014570728228202623,0.006932979269407109
1778.4824457807706,0.0030859130270965967,0.014565507325777993,0.006930386030969969
1778.6659079682868,0.0030846433880292942,0.014560288122873999,0.006927793697811555
1778.849370155803,0.0030833742541277135,0.014555070619012535,0.00692520226964372
1779.032832343319,0.0030821056251994243,0.014549854813715606,0.006922611746178399
1779.216294530835,0.0030808375010520713,0.014544640706505328,0.0069200221271276145
1779.3997567183512,0.003079569881493364,0.01453942829690392,0.006917433412203468
1779.583218905867,0.0030783027663310843,0.014534217584433717,0.006914845601118147
1779.766681093383,0.003077036155373085,0.014529008568617155,0.006912258693583915
1779.950143280899,0.003075770048427286,0.014523801248976776,0.006909672689313122
1780.1336054684152,0.003074504445301679,0.014518595625035238,0.0069070875880182046
1780.3170676559314,0.0030732393458043207,0.014513391696315298,0.006904503389411671
1780.5005298434473,0.0030719747497433437,0.014508189462339824,0.0069019200932061205
1780.6839920309635,0.0030707106569269472,0.014502988922631795,0.0068993376991142346
1780.8674542184797,0.0030694470671633967,0.014497790076714293,0.0068967562068487686
1781.0509164059956,0.0030681839802610333,0.014492592924110509,0.006894175616122572
1781.2343785935118,0.0030669213960282625,0.014487397464343748,0.006891595926648568
1781.417840781028,0.0030656593142735634,0.01448220369693742,0.0068890171381397695
1781.6013029685437,0.0030643977348054794,0.014477011621415037,0.006886439250309261
1781.7847651560598,0.003063136657432628,0.014471821237300217,0.006883862262870219
1781.9682273435758,0.0030618760819636948,0.014466632544116695,0.006881286175535894
1782.151689531092,0.00306061600820743,0.014461445541388307,0.006878710988019626
1782.3351517186081,0.003059356435972661,0.014456260228639,0.006876136700034835
1782.518613906124,0.003058097365068278,0.01445107660539283,0.0068735633112950185
1782.7020760936402,0.0030568387953032452,0.014445894671173954,0.006870990821513762
1782.8855382811564,0.003055580726486593,0.014440714425506646,0.006868419230404733
1783.0690004686724,0.0030543231584274216,0.01443553586791528,0.006865848537681678
1783.2524626561885,0.0030530660909349008,0.014430358997924341,0.006863278743058425
1783.4359248437047,0.0030518095238182682,0.014425183815058418,0.006860709846248883
1783.6193870312206,0.003050553456886834,0.01442001031884221,0.00685814184696705
1783.8028492187366,0.0030492978899499734,0.014414838508800524,0.006855574744926998
1783.9863114062528,0.0030480428228171342,0.014409668384458271,0.006853008539842888
1784.1697735937687,0.003046788255297828,0.014404499945340477,0.006850443231428953
1784.3532357812849,0.003045534187201643,0.01439933319097227,0.00684787881939952
1784.5366979688008,0.0030442806183382286,0.014394168120878872,0.006845315303468986
1784.720160156317,0.0030430275485173078,0.014389004734585648,0.006842752683351841
1784.9036223438331,0.003041774977548672,0.014383843031618035,0.006840190958762649
1785.087084531349,0.0030405229052421806,0.014378683011501595,0.006837630129416056
1785.2705467188653,0.0030392713314077624,0.014373524673761993,0.006835070195026797
1785.4540089063814,0.0030380202558554156,0.014368368017924996,0.006832511155309679
1785.6374710938974,0.0030367696783952067,0.014363213043516485,0.006829953009979595
1785.8209332814135,0.00303551959883727,0.014358059750062449,0.00682739575875152
1786.0043954689295,0.0030342700169918107,0.014352908137088985,0.006824839401340516
1786.1878576564454,0.0030330209326691012,0.014347758204122296,0.0068222839374617195
1786.3713198439616,0.003031772345679481,0.014342609950688687,0.006819729366830347
1786.5547820314775,0.0030305242558333638,0.014337463376314571,0.006817175689161704
1786.7382442189937,0.003029276662941226,0.014332318480526476,0.0068146229041711704
1786.9217064065099,0.003028029566813618,0.014327175262851027,0.0068120710115742115
1787.1051685940258,0.0030267829672611522,0.014322033722814962,0.006809520011086374
1787.288630781542,0.003025536864094516,0.01431689385994513,0.0068069699024232875
1787.4720929690582,0.0030242912571244633,0.014311755673768472,0.006804420685300658
1787.655555156574,0.0030230461461618154,0.014306619163812057,0.006801872359434277
1787.8390173440903,0.003021801531017463,0.014301484329603051,0.006799324924540021
1788.0224795316065,0.003020557411502365,0.01429635117066871,0.006796778380333835
1788.2059417191222,0.0030193137874275494,0.014291219686536433,0.00679423272653176
1788.3894039066383,0.0030180706586041125,0.014286089876733691,0.00679168796284991
1788.5728660941545,0.0030168280248432182,0.014280961740788084,0.006789144089004483
1788.7563282816704,0.0030155858859560996,0.014275835278227308,0.006786601104711758
1788.9397904691866,0.003014344241754059,0.01427071048857918,0.006784059009688095
1789.1232526567026,0.003013103092048465,0.014265587371371607,0.0067815178036499365
1789.3067148442187,0.0030118624366507556,0.014260465926132605,0.006778977486313802
1789.490177031735,0.003010622275372439,0.014255346152390306,0.006776438057396299
1789.6736392192508,0.0030093826080250887,0.014250228049672945,0.006773899516614111
1789.857101406767,0.0030081434344203474,0.014245111617508863,0.006771361863684005
1790.0405635942832,0.003006904754369928,0.014239996855426507,0.006768825098322826
1790.224025781799,0.003005666567685608,0.014234883762954434,0.006766289220247505
1790.407487969315,0.0030044288741792368,0.0142297723396213,0.0067637542291750525
1790.5909501568312,0.0030031916736627294,0.014224662584955874,0.006761220124822556
1790.7744123443472,0.00300195496594807,0.014219554498487035,0.006758686906907191
1790.9578745318634,0.0030007187508473113,0.014214448079743763,0.006756154575146207
1791.1413367193793,0.002999483028172573,0.014209343328255145,0.006753623129256941
1791.3247989068955,0.0029982477977360438,0.014204240243550376,0.0067510925689568055
1791.5082610944116,0.002997013059349981,0.014199138825158757,0.006748562893963299
1791.6917232819276,0.002995778812826707,0.014194039072609696,0.0067460341039939946
1791.8751854694437,0.0029945450579786175,0.014188940985432705,0.006743506198766551
1792.05864765696,0.0029933117946181705,0.014183844563157414,0.0067409791779987115
1792.2421098444756,0.0029920790225578947,0.014178749805313548,0.006738453041408292
1792.4255720319918,0.002990846741610387,0.014173656711430931,0.0067359277887131894
1792.609034219508,0.002989614951588312,0.01416856528103951,0.006733403419631391
1792.792496407024,0.0029883836523044013,0.014163475513669333,0.006730879933880954
1792.97595859454,0.002987152843571456,0.014158387408850562,0.006728357331180028
1793.1594207820563,0.0029859225252023428,0.014153300966113442,0.006725835611246829
1793.3428829695722,0.0029846926970099976,0.014148216184988346,0.006723314773799667
1793.5263451570884,0.0029834633588074247,0.014143133065005753,0.006720794818556924
1793.7098073446043,0.0029822345104076947,0.014138051605696238,0.0067182757452370675
1793.8932695321205,0.0029810061516239487,0.014132971806590483,0.0067157575535586435
1794.0767317196367,0.002979778282269391,0.014127893667219279,0.006713240243240277
1794.2601939071526,0.0029785509021572967,0.014122817187113532,0.006710723814000681
1794.4436560946685,0.0029773240111010085,0.014117742365804242,0.006708208265558638
1794.6271182821847,0.002976097608913937,0.014112669202822517,0.006705693597633021
1794.8105804697007,0.0029748716954095585,0.014107597697699582,0.006703179809942778
1794.9940426572168,0.0029736462704014186,0.01410252784996675,0.0067006669022069395
1795.177504844733,0.0029724213337031296,0.014097459659155463,0.006698154874144616
1795.360967032249,0.0029711968851283722,0.01409239312479725,0.006695643725474999
1795.544429219765,0.0029699729244908922,0.014087328246423753,0.006693133455917359
1795.727891407281,0.0029687494516045074,0.01408226502356672,0.006690624065191049
1795.9113535947972,0.0029675264662831,0.014077203455758002,0.0066881155530155
1796.0948157823134,0.0029663039683406186,0.014072143542529569,0.006685607919110226
1796.2782779698293,0.0029650819575910833,0.01406708528341348,0.0066831011631948226
1796.4617401573455,0.002963860433848577,0.01406202867794191,0.006680595284988959
1796.6452023448614,0.0029626393969272528,0.014056973725647143,0.006678090284212394
1796.8286645323774,0.002961418846641331,0.014051920426061553,0.0066755861605849575
1797.0121267198936,0.0029601987828050983,0.014046868778717641,0.0066730829138265686
1797.1955889074097,0.002958979205232909,0.014041818783148006,0.0066705805436572205
1797.3790510949257,0.002957760113739184,0.014036770438885335,0.006668079049796984
1797.5625132824418,0.002956541508138414,0.014031723745462455,0.0066655784319660195
1797.745975469958,0.0029553233882451545,0.014026678702412268,0.006663078689884562
1797.929437657474,0.002954105753874029,0.014021635309267805,0.006660579823272929
1798.1128998449901,0.0029528886048397276,0.01401659356556218,0.00665808183185151
1798.296362032506,0.0029516719409570093,0.014011553470828633,0.006655584715340786
1798.4798242200222,0.0029504557620406995,0.014006515024600503,0.006653088473461313
1798.6632864075384,0.0029492400679056877,0.014001478226411235,0.006650593105933726
1798.8467485950541,0.0029480248583669357,0.013996443075794373,0.006648098612478741
1799.0302107825703,0.0029468101332394687,0.013991409572283581,0.006645604992817157
1799.2136729700865,0.0029455958923383808,0.013986377715412612,0.006643112246669848
1799.3971351576024,0.0029443821354788314,0.013981347504715344,0.006640620373757772
1799.5805973451186,0.0029431688624760484,0.013976318939725752,0.006638129373801966
1799.7640595326347,0.0029419560731453265,0.013971292019977901,0.006635639246523545
1799.9475217201507,0.0029407437673020257,0.013966266745005984,0.006633149991643704
1800.1309839076669,0.002939531944761576,0.013961243114344296,0.0066306616088837225
1800.3144460951828,0.00293832060533947,0.013956221127527224,0.006628174097964954
1800.497908282699,0.0029371097488512725,0.01395120078408928,0.006625687458608839
1800.6813704702151,0.0029358993751126125,0.013946182083565059,0.006623201690536889
1800.8648326577309,0.002934689483939185,0.013941165025489283,0.006620716793470702
1801.048294845247,0.0029334800751467504,0.013936149609396773,0.00661823276713195
1801.2317570327632,0.002932271148551141,0.013931135834822441,0.0066157496112423915
1801.4152192202791,0.002931062703968254,0.01392612370130133,0.006613267325523862
1801.5986814077953,0.002929854741214047,0.01392111320836856,0.006610785909698272
1801.7821435953115,0.0029286472601045546,0.013916104355559383,0.006608305363487619
1801.9656057828274,0.002927440260455872,0.013911097142409148,0.006605825686613979
1802.1490679703436,0.0029262337420841605,0.013906091568453299,0.006603346878799504
1802.3325301578598,0.002925027704805652,0.013901087633227399,0.006600868939766429
1802.5159923453757,0.002923822148436643,0.01389608533626711,0.006598391869237066
1802.6994545328919,0.002922617072793494,0.013891084677108197,0.006595915666933808
1802.8829167204076,0.002921412477692635,0.01388608565528654,0.006593440332579126
1803.0663789079238,0.0029202083629505634,0.013881088270338113,0.006590965865895575
1803.24984109544,0.0029190047283838404,0.013876092521799005,0.006588492266605785
1803.4333032829559,0.0029178015738090977,0.013871098409205399,0.006586019534432466
1803.616765470472,0.0029165988990430274,0.013866105932093595,0.006583547669098411
1803.8002276579882,0.0029153967039023936,0.013861115089999992,0.006581076670326489
1803.9836898455042,0.002914194988204023,0.013856125882461098,0.006578606537839646
1804.1671520330203,0.0029129937517648123,0.013851138309013519,0.006576137271360914
1804.3506142205365,0.0029117929944017227,0.013846152369193976,0.006573668870613403
1804.5340764080524,0.002910592715931781,0.013841168062539285,0.006571201335320298
1804.7175385955686,0.002909392916172081,0.013836185388586383,0.0065687346652048674
1804.9010007830843,0.0029081935949397835,0.01383120434687229,0.006566268859990452
1805.0844629706005,0.002906994752052116,0.01382622493693415,0.006563803919400488
1805.2679251581167,0.00290579638732637,0.013821247158309208,0.0065613398431584756
1805.4513873456326,0.0029045985005799056,0.013816271010534809,0.006558876630987996
1805.6348495331488,0.0029034010916301482,0.013811296493148401,0.006556414282612717
1805.818311720665,0.0029022041602945886,0.013806323605687542,0.006553952797756377
1806.001773908181,0.002901007706390786,0.013801352347689899,0.0065514921761428025
1806.185236095697,0.002899811729736363,0.01379638271869324,0.006549032417495893
1806.3686982832132,0.0028986162301490094,0.013791414718235428,0.006546573521539624
1806.5521604707292,0.002897421207446482,0.01378644834585446,0.006544115487998064
1806.7356226582453,0.002896226661446605,0.013781483601088407,0.006541658316595348
1806.9190848457615,0.002895032591967263,0.013776520483475451,0.00653920200705569
1807.1025470332775,0.0028938389988264128,0.013771558992553898,0.00653674655910339
1807.2860092207934,0.002892645881842075,0.013766599127862137,0.006534291972462826
1807.4694714083093,0.0028914532408323345,0.01376164088893867,0.006531838246858447
1807.6529335958255,0.0028902610756153455,0.013756684275322109,0.006529385382014791
1807.8363957833417,0.0028890693860093236,0.013751729286551165,0.00652693337765647
1808.0198579708576,0.0028878781718325547,0.013746775922164658,0.006524482233508176
1808.2033201583738,0.0028866874329033882,0.01374182418170151,0.00652203194929468
1808.38678234589,0.002885497169040242,0.013736874064700737,0.00651958252474083
1808.570244533406,0.002884307380061598,0.013731925570701483,0.006517133959571557
1808.753706720922,0.0028831180657860026,0.013726978699242984,0.006514686253511867
1808.9371689084383,0.002881929226032068,0.01372203344986458,0.006512239406286849
1809.1206310959542,0.0028807408606184755,0.013717089822105715,0.0065097934176216645
1809.3040932834704,0.00287955296936397,0.013712147815505943,0.00650734828724156
1809.487555470986,0.0028783655520873606,0.013707207429604915,0.006504904014871855
1809.6710176585023,0.002877178608607526,0.013702268663942394,0.0065024606002379555
1809.8544798460184,0.002875992138743409,0.013697331518058247,0.006500018043065342
1810.0379420335344,0.0028748061423140153,0.013692395991492445,0.006497576343079568
1810.2214042210505,0.002873620619138419,0.013687462083785056,0.006495135500006277
1810.4048664085667,0.00287243556903576,0.013682529794476265,0.006492695513571181
1810.5883285960826,0.002871250991825244,0.013677599123106348,0.0064902563835000805
1810.7717907835988,0.002870066887326139,0.013672670069215706,0.006487818109518845
1810.955252971115,0.0028688832553577823,0.01366774263234482,0.006485380691353427
1811.138715158631,0.0028677000957395746,0.013662816812034295,0.00648294412872986
1811.322177346147,0.0028665174082909838,0.013657892607824828,0.006480508421374253
1811.5056395336633,0.0028653351928315408,0.01365297001925723,0.006478073569012792
1811.689101721179,0.0028641534491808457,0.013648049045872407,0.006475639571371745
1811.8725639086952,0.00286297217715856,0.013643129687211378,0.006473206428177459
1812.056026096211,0.0028617913765844128,0.013638211942815254,0.006470774139156352
1812.2394882837273,0.0028606110472782,0.013633295812225266,0.006468342704034932
1812.4229504712434,0.002859431189059779,0.013628381294982747,0.0064659121225397785
1812.6064126587594,0.0028582518017490764,0.013623468390629122,0.006463482394397547
1812.7898748462756,0.0028570728851660806,0.01361855709870594,0.006461053519334981
1812.9733370337917,0.0028558944391308488,0.013613647418754829,0.00645862549707889
1813.1567992213077,0.0028547164634635,0.013608739350317542,0.0064561983273561715
1813.3402614088238,0.0028535389579842215,0.013603832892935926,0.006453772009893798
1813.52372359634,0.0028523619225132644,0.01359892804615194,0.006451346544418817
1813.7071857838557,0.002851185356870946,0.013594024809507641,0.0064489219306583636
1813.890647971372,0.0028500092608776464,0.013589123182545196,0.006446498168339643
1814.0741101588878,0.002848833634353813,0.013584223164806864,0.006444075257189935
1814.257572346404,0.0028476584771199576,0.013579324755835023,0.00644165319693661
1814.4410345339202,0.0028464837889966583,0.013574427955172146,0.0064392319873071095
1814.6244967214361,0.002845309569804556,0.013569532762360819,0.0064368116280289515
1814.8079589089523,0.0028441358193643587,0.013564639176943718,0.006434392118829735
1814.9914210964685,0.0028429625374968392,0.013559747198463637,0.006431973459437137
1815.1748832839844,0.0028417897240228343,0.013554856826463468,0.006429555649578913
1815.3583454715006,0.0028406173787632457,0.013549968060486205,0.006427138688982896
1815.5418076590167,0.002839445501539042,0.013545080900074955,0.006424722577376994
1815.7252698465325,0.002838274092171254,0.013540195344772913,0.006422307314489198
1815.9087320340486,0.0028371031504809806,0.013535311394123395,0.006419892900047576
1816.0921942215648,0.002835932676289383,0.013530429047669814,0.006417479333780271
1816.2756564090807,0.0028347626694176895,0.01352554830495568,0.006415066615415507
1816.459118596597,0.002833593129687189,0.013520669165524626,0.006412654744681586
1816.6425807841129,0.002832424056919241,0.013515791628920368,0.006410243721306883
1816.826042971629,0.002831255450935267,0.013510915694686734,0.006407833545019857
1817.0095051591452,0.0028300873115567515,0.013506041362367665,0.0064054242155490455
1817.1929673466611,0.002828919638605247,0.013501168631507191,0.006403015732623059
1817.3764295341773,0.0028277524319023674,0.013496297501649454,0.006400608095970585
1817.5598917216935,0.002826585691269796,0.013491427972338705,0.0063982013053203975
1817.7433539092094,0.0028254194165292772,0.013486560043119284,0.006395795360401339
1817.9268160967254,0.002824253607502621,0.013481693713535645,0.006393390260942334
1818.1102782842415,0.0028230882640117036,0.013476828983132344,0.006390986006672386
1818.2937404717575,0.0028219233858784607,0.013471965851454043,0.006388582597320572
1818.4772026592736,0.002820758972924899,0.013467104318045509,0.006386180032616051
1818.6606648467896,0.0028195950249730864,0.013462244382451605,0.006383778312288058
1818.8441270343058,0.002818431541845155,0.013457386044217295,0.006381377436065902
1819.027589221822,0.0028172685233633045,0.01345252930288767,0.0063789774036789775
1819.2110514093379,0.002816105969349796,0.013447674158007896,0.006376578214856751
1819.394513596854,0.0028149438796269558,0.01344282060912326,0.006374179869328769
1819.5779757843702,0.0028137822540171753,0.013437968655779151,0.006371782366824655
1819.7614379718862,0.00281262109234291,0.013433118297521052,0.006369385707074108
1819.9449001594023,0.0028114603944266814,0.013428269533894564,0.006366989889806905
1820.1283623469183,0.0028103001600910714,0.013423422364445381,0.006364594914752908
1820.3118245344342,0.0028091403891587307,0.013418576788719303,0.006362200781642044
1820.4952867219504,0.0028079810814523724,0.013413732806262235,0.006359807490204329
1820.6787489094665,0.0028068222367947735,0.013408890416620179,0.0063574150401698466
1820.8622110969825,0.0028056638550087755,0.013404049619339251,0.006355023431268763
1821.0456732844987,0.002804505935917286,0.01339921041396567,0.006352632663231326
1821.2291354720146,0.0028033484793432745,0.013394372800045748,0.006350242735787853
1821.4125976595308,0.002802191485109775,0.013389536777125916,0.006347853648668746
1821.596059847047,0.0028010349530398883,0.013384702344752687,0.006345465401604473
1821.779522034563,0.002799878882956778,0.013379869502472694,0.006343077994325595
1821.962984222079,0.002798723274683668,0.013375038249832678,0.006340691426562737
1822.1464464095952,0.0027975681280438514,0.013370208586379462,0.006338305698046607
1822.329908597111,0.0027964134428606854,0.013365380511659992,0.0063359208085079916
1822.513370784627,0.002795259218957589,0.013360554025221308,0.006333536757677752
1822.6968329721433,0.0027941054561580465,0.01335572912661056,0.00633115354528683
1822.8802951596592,0.002792952154285605,0.013350905815374991,0.006328771171066236
1823.0637573471754,0.002791799313163877,0.013346084091061958,0.006326389634747067
1823.2472195346913,0.002790646932616537,0.013341263953218916,0.006324008936060497
1823.4306817222075,0.002789495012467327,0.013336445401393424,0.006321629074737772
1823.6141439097237,0.0027883435525400515,0.013331628435133141,0.006319250050510214
1823.7976060972396,0.002787192552658576,0.013326813053985842,0.00631687186310923
1823.9810682847558,0.002786042012646835,0.013321999257499384,0.006314494512266298
1824.164530472272,0.002784891932328822,0.01331718704522174,0.0063121179977129694
1824.3479926597877,0.002783742311528598,0.013312376416700999,0.006309742319180888
1824.5314548473038,0.002782593150070288,0.013307567371485326,0.006307367476401757
1824.71491703482,0.002781444447778077,0.013302759909123005,0.006304993469107363
1824.898379222336,0.002780296204476218,0.013297954029162427,0.006302620297029578
1825.0818414098521,0.0027791484199890257,0.01329314973115207,0.006300247959900337
1825.2653035973683,0.0027780010941408782,0.013288347014640536,0.006297876457451661
1825.4487657848842,0.0027768542267562184,0.013283545879176512,0.006295505789415644
1825.6322279724004,0.0027757078176595534,0.013278746324308796,0.006293135955524461
1825.8156901599164,0.002774561866675454,0.013273948349586288,0.00629076695551036
1825.9991523474325,0.0027734163736285516,0.013269151954557995,0.006288398789105666
1826.1826145349487,0.0027722713383435457,0.01326435713877302,0.006286031456042784
1826.3660767224644,0.0027711267606451975,0.013259563901780565,0.006283664956054193
1826.5495389099806,0.0027699826403583313,0.013254772243129955,0.006281299288872449
1826.7330010974968,0.002768838977307834,0.013249982162370597,0.006278934454230184
1826.9164632850127,0.00276769577131866,0.013245193659052013,0.006276570451860112
1827.0999254725289,0.0027665530222158235,0.013240406732723822,0.006274207281495019
1827.283387660045,0.0027654107298244043,0.013235621382935747,0.006271844942867766
1827.466849847561,0.0027642688939695423,0.01323083760923762,0.0062694834357112945
1827.6503120350771,0.0027631275144764473,0.013226055411179364,0.0062671227597586214
1827.833774222593,0.0027619865911703866,0.013221274788311014,0.0062647629147428415
1828.0172364101093,0.0027608461238766936,0.013216495740182702,0.006262403900397123
1828.2006985976254,0.002759706112420765,0.013211718266344675,0.006260045716454716
1828.3841607851414,0.002758566556628061,0.013206942366347266,0.006257688362648945
1828.5676229726573,0.002757427456324104,0.013202168039740923,0.006255331838713203
1828.7510851601735,0.0027562888113344805,0.013197395286076188,0.006252976144380973
1828.9345473476894,0.002755150621484841,0.013192624104903714,0.006250621279385807
1829.1180095352056,0.002754012886600898,0.01318785449577425,0.006248267243461331
1829.3014717227218,0.0027528756065084287,0.013183086458238657,0.006245914036341257
1829.4849339102377,0.0027517387810332737,0.013178319991847884,0.006243561657759364
1829.6683960977539,0.0027506024100013337,0.013173555096152995,0.006241210107449513
1829.85185828527,0.0027494664932385757,0.013168791770705148,0.006238859385145636
1830.035320472786,0.0027483310305710315,0.013164030015055613,0.006236509490581748
1830.2187826603022,0.00274719602182479,0.01315926982875576,0.006234160423491938
1830.402244847818,0.0027460614668260094,0.013154511211357054,0.006231812183610367
1830.5857070353343,0.002744927365400909,0.013149754162411067,0.006229464770671279
1830.7691692228502,0.0027437937173757686,0.013144998681469474,0.00622711818440899
1830.9526314103662,0.0027426605225769366,0.01314024476808406,0.006224772424557894
1831.1360935978823,0.0027415277808308194,0.0131354924218067,0.006222427490852461
1831.3195557853985,0.002740395491963887,0.013130741642189381,0.006220083383027238
1831.5030179729144,0.0027392636558026748,0.013125992428784186,0.0062177401008168464
1831.6864801604306,0.0027381322721737817,0.013121244781143298,0.006215397643955985
1831.8699423479468,0.002737001340903866,0.013116498698819024,0.006213056012179432
1832.0534045354627,0.002735870861819652,0.013111754181363738,0.006210715205222034
1832.236866722979,0.002734740834747925,0.013107011228329945,0.006208375222818718
1832.4203289104948,0.0027336112595155353,0.013102269839270242,0.006206036064704492
1832.603791098011,0.0027324821359493937,0.013097530013737327,0.006203697730614431
1832.7872532855272,0.002731353463876477,0.013092791751283996,0.006201360220283689
1832.970715473043,0.0027302252431238207,0.013088055051463163,0.006199023533447502
1833.154177660559,0.0027290974735185262,0.013083319913827838,0.006196687669841178
1833.3376398480752,0.0027279701548877573,0.013078586337931113,0.006194352629200096
1833.5211020355912,0.0027268432870587397,0.01307385432332622,0.006192018411259722
1833.7045642231074,0.0027257168698587636,0.013069123869566457,0.006189685015755584
1833.8880264106235,0.00272459090311518,0.013064394976205249,0.0061873524424233
1834.0714885981395,0.002723465386655402,0.01305966764279611,0.006185020690998555
1834.2549507856556,0.0027223403203069083,0.013054941868892663,0.0061826897612171135
1834.4384129731718,0.0027212157038972377,0.013050217654048632,0.006180359652814813
1834.6218751606878,0.002720091537253994,0.013045494997817837,0.006178030365527573
